65.2128
56.0154
154.186
46.0586
151.856
67.0478
110.829
68.2923
106.2
115.552
193.103
117.393
106.117
190.986
118.871
132.338
132.63
117.442
71.9973
128.213
132.287
167.102
122.259
77.5962
101.967
106.856
34.3583
145.208
174.276
116.033
141.862
77.5962
196.557
79.6674
58.4866
112.018
70.9082
144.195
68.1006
121.656
105.61
55.7936
98.8632
132.682
235.863
103.69
70.5264
118.871
102.023
160.343
94.4228
4.47214
16.8076
156.255
144.744
110.21
95.5071
89.2361
109.426
156.562
78.4089
110.338
15.9734
166.787
124.236
122.467
15.86
18.7108
161.493
135.762
56.7495
74.278
96.6943
155.391
162.696
104.184
136.674
195.464
61.5952
50.7284
162.056
124.775
202.042
100.599
124.236
42.8708
86.0431
124.979
242.627
50.7513
187.603
104.286
172.556
85.4532
98.8615
183.873
107.27
59.7989
186.554
132.457
95.1297
88.5236
136.778
110.732
109.976
28.9691
156.569
109.467
132.805
102.627
24.1684
186.053
81.5175
132.457
83.452
95.6167
66.9291
127.344
161.679
186.513
170.297
73.8827
67.9815
89.3549
110.509
239.754
106.055
121.792
131.258
39.0092
148.41
159.82
190.3
120.52
145.466
68.2923
230.283
157.587
84.3045
133.685
123.743
98.8655
142.413
150.9
117.682
123.558
84.7381
120.023
105.346
145.783
140.101
154.328
114.319
124.236
117.569
167.973
114.657
54.6246
69.8512
158.241
101.91
84.9815
195.943
55.3033
108.44
219.097
116.881
91.7152
105.608
185.454
78.0079
94.8912
168.842
159.443
56.2214
93.9832
16
135.867
108.545
136.042
94.1938
75.7859
138.484
195.137
19.7337
106.117
218.531
137.073
148.378
102.682
160.876
116.861
69.7032
87.6804
103.726
180.318
106.392
130.147
139.078
37.1912
123.558
211.166
118.871
105.401
176.83
110.21
120.785
233.526
49.2639
148.02
144.744
19.7337
111.578
102.263
53.1148
123.743
146.922
62.0908
99.5691
50.356
136.572
92.3921
145.457
94.9754
107.163
183.917
183.155
123.743
89.8547
185.678
163.476
140.846
87.8577
131.076
116.283
121.683
120.52
21.6808
87.2471
23.748
45.6089
170.625
86.0431
11.1355
69.9617
110.576
111.819
127.543
116.283
114.695
117.878
88.657
128.984
114.242
119.771
130.835
114.657
18.3799
111.726
89.1694
95.8103
76.2675
155.343
131.083
141.234
134.738
122.259
124.052
153.944
130.002
114.338
108.28
137.479
213.992
22.2654
114.435
214.08
57.389
58.8942
85.425
132.28
88.9144
110.429
99.5067
50.7379
24.0606
55.5553
93.7053
141.234
132.015
123.085
104.184
99.3465
132.457
137.552
87.0791
167.676
80.8547
104.326
152.754
115.623
22.4269
40.7252
130.147
141.129
110.639
176.064
122.259
132.044
104.907
66.7196
96.1954
119.472
137.847
189.732
122.467
120.071
108.25
173.651
104.204
154.327
98.6629
98.8615
186.835
88.4599
67.9815
110.429
130.291
168.955
98.8632
137.473
151.812
118.871
162.142
22.4931
190.599
94.8147
133.145
130.291
63.9236
15.3623
132.989
122.608
55.657
72.1064
65.1573
180.066
180.827
130.738
82.3376
90.6038
196.7
85.1111
98.8978
167.676
120.52
183.583
178.696
85.1669
132.579
48.0216
163.609
168.713
131.24
69.782
105.937
167.787
116.705
82.4063
115.91
75.4611
167.897
74.6354
167.814
133.194
134.136
15.3412
181.168
129.221
67.3384
93.8553
132.352
214.146
136.448
158.743
79.9282
71.5978
152.468
118.871
50.5845
152.834
48.0522
180.045
68.6978
130.947
130.291
108.261
47.8685
110.429
117.827
182.175
14.0389
98.0315
46.0586
127.324
116.283
112.559
163.191
43.1011
46.0586
112.03
129.222
173.517
15.9917
157.937
136.826
14.3331
102.174
56.0529
8
86.5981
51.604
64.4171
62.9545
115.984
140.101
76.0941
118.871
16.3743
91.7009
70.9778
139.995
154.938
44.4257
103.876
133.968
157.817
165.004
137.991
131.076
210.893
110.91
85.6105
127.131
141.234
145.192
129.068
19.3594
220.055
210.353
132.985
124.236
57.8438
19.8267
141.678
100.942
177.096
104.835
180.247
67.536
122.259
144.108
133.145
125.429
165.701
89.5022
20.4482
129.176
100.351
137.187
105.286
89.1567
154.473
83.8288
119.355
141.098
171.065
74.5382
122.259
175.493
117.966
87.4464
155.603
91.3103
121.068
81.1659
89.2361
169.934
105.541
162.057
23.2834
24.1684
118.871
154.689
102.279
196.622
189.959
111.594
111.358
18.0001
66.3447
84.312
