13.3548
43.446
10.6811
9.19756
7.87196
12.2002
37.7628
44.6765
5.34889
9.72922
20.3173
10.2402
5.34889
31.7669
6.55333
35.8563
21.1621
29.3184
41.4891
14.9857
39.9042
16.0693
35.8563
48.2122
28.3246
36.8947
45.9811
35.8563
16.6472
18.5899
35.9228
21.9225
26.2868
36.1686
27.699
36.7768
50.1577
31.008
44.0526
37.7123
16.0608
35.8563
49.1191
19.4888
22.8688
10.6284
12.2002
40.392
10.7345
48.5717
23.9921
20.4703
23.7587
22.3978
13.3548
40.7981
51.8297
13.656
12.2002
49.362
34.6705
32.6516
14.9672
9.26781
44.9739
49.1111
40.998
44.7819
22.9861
26.0166
40.2117
47.6876
13.3548
7.342
35.6882
34.7324
40.4882
19.5084
47.0411
40.0358
57.97
9.3791
22.5715
25.2742
7.54424
30.6214
14.0352
28.2961
24.569
35.4256
30.4608
38.4516
32.6516
46.1424
24.0706
16.3942
27.8542
8.94427
42.6564
41.9297
