5.2915
165.203
155.793
156.215
11.0795
115.737
169.892
127.732
74.8644
184.646
17.5441
28.2484
42.7255
109.321
190.474
167.794
116.159
137.638
15.8804
114.359
183.556
116.47
234.979
120.714
72.946
128.767
94.5573
122.586
130.202
135.12
46.2779
159.219
59.2119
135.962
43.9633
155.498
96.944
164.142
87.0608
56.4448
119.813
144.021
17.6139
101.053
139.079
276.782
89.5448
86.4916
18.1984
151.11
38.4712
175.12
200.624
107.409
46.5633
62.4706
35.4012
109.784
94.7957
97.1839
88.0986
144.165
147.593
3.77812
14.692
74.5751
75.8147
136.944
9.38083
65.8763
85.2501
116.729
124.737
154.728
10.7751
76.3087
98.3963
151.923
172.12
17.1654
5.14225
110.705
115.737
190.474
26.8274
107.963
13.8704
97.5582
66.8134
143.012
105.746
136.796
54.4377
87.472
171.105
116.186
80.0412
81.6913
44.7214
189.27
183.064
154.293
144.598
135.12
163.95
147.108
162.236
123.256
47.9015
104.58
150.8
143.88
132.221
202.762
149.316
119.813
25.6125
43.3006
127.493
85.7528
134.217
78.2816
171.105
116.791
134.867
236.431
148.132
163.95
109.798
53.703
23.2791
174.539
140.444
185.889
93.7843
14.8777
135.12
65.8056
162.762
135.12
106.503
47.7927
12.6353
172.353
102.039
16.0509
84.8532
139.955
221.596
85.4504
127.732
13.1917
143.334
125.87
179.235
84.5476
207.84
95.6531
53.0955
130.139
95.2287
163.229
2
34.7463
41.8718
149.611
124.856
109.636
291.178
142.091
154.716
91.7857
132.192
136.686
130.185
76.4819
161.699
61.4929
116.582
61.7966
135.12
30.9224
58.2236
38.4712
153.005
160.864
222.717
18.9233
142.55
128.234
171.105
184.34
114.456
212.012
49.1471
56.1532
138.363
219.583
125.808
83.083
66.7453
197.157
22.0978
118.897
34.8538
130.388
108.069
147.797
91.8383
134.723
29.3291
187.464
31.976
132.655
101.427
103.256
113.599
165.013
135.12
16.4569
159.602
126.389
239.084
20.401
114.793
122.992
85.5615
140.868
20.466
226.236
98.5793
127.279
117.215
177.398
217
222.96
17.1882
82.7673
71.5274
117.61
113.204
131.854
17.7396
50.7895
109.741
184.613
136.059
156.665
129.81
145.037
157.223
122.329
126.314
163.95
192.145
32.121
181.596
126.069
88.7018
201.283
167.046
197.456
149.767
135.12
197.383
131.571
152.296
27.2319
167.598
16.6132
96.4071
12.7876
101.394
121.836
163.017
69.0628
9.16515
10.1734
162.21
165.691
72.2259
21.409
47.5683
93.528
25.2607
85.6951
221.143
155.24
120.347
95.0509
157.812
129.81
71.3963
113.046
176.604
83.481
69.206
127.587
189.486
184.329
141.583
163.95
107.644
80.0412
15.0976
59.7595
5.65685
135.12
76.1193
15.0667
44.6096
69.2079
135.12
118.176
142.55
179.071
66.9565
137.194
163.95
105.351
135.12
129.81
96.0065
152.932
65.4166
240.992
101.505
82.4556
158.036
94.894
69.432
52.4656
142.8
131.484
158.18
119.813
133.356
29.4405
129.81
176.389
116.128
235.036
147.105
81.11
104.337
103.225
9.10631
73.3841
58.0372
89.9589
19.6538
106.514
144.299
159.401
13.8564
155.587
109.636
65.8985
181.25
125.029
34.9128
148.524
186.057
112.83
156.915
123.349
49.7238
140.067
17.0655
28.8907
185.284
36.8295
75.7278
2
173.544
83.7864
47.2151
135.67
261.496
6.27809
139.521
83.6543
104.275
21.4816
94.6768
113.389
97.3172
179.539
217.111
73.832
222.96
67.9185
5.07212
92.0427
43.7074
127.732
135.12
87.8686
225.645
154.522
156.7
53.8778
86.3498
113.297
52.0879
42.7141
151.804
257.097
61.494
67.0008
9.94309
96.4371
164.142
133.479
10.6865
90.0046
20.3574
45.8536
101.895
172.503
127.732
105.755
76.8509
192.929
139.227
69.5962
116.833
63.1148
29.0029
84.3398
212.12
23.4385
43.2715
259.93
169.172
100.115
85.4661
147.13
127.732
47.7927
130.975
29.499
75.6526
123.45
129.416
116.47
94.0085
123.324
118.472
119.813
22.1314
82.0889
68.681
55.8367
131.26
156.176
68.1744
114.359
136.077
183.96
135.12
185.16
127.003
33.0437
79.5703
112.112
70.5209
122.179
139.522
44.532
14.9771
46.8901
132.655
122.38
44.3741
80.5245
102.516
153.995
93.092
145.496
109.676
93.2962
140.402
99.5921
115.756
106.514
79.2508
107.705
114.101
117.691
81.2084
99.1454
132.648
46.1874
21.0342
106.487
141.277
64.1752
123.324
187.782
114.609
147.2
154.912
96.069
152.92
92.5349
71.4759
76.1343
99.1506
97.5582
135.12
10.8208
155.498
54.7587
172.765
186.688
61.1077
202.951
194.06
16.082
171.105
20.1549
116.791
15.8888
183.321
97.0445
171.005
28.3915
59.8132
155.793
190.474
171.105
42.7034
93.5222
55.663
154.916
68.977
67.9486
164.532
101.159
76.2421
63.2778
46.4144
103.754
135.12
113.736
16.3237
47.2469
167.864
115.737
126.009
116.777
135.12
84.92
30.3488
117.731
202.038
68.8056
30.3645
78.939
155.24
91.7577
99.5496
96.617
8.48528
17.0363
207.266
135.897
116.816
37.7159
113.704
81.1674
275.856
46.5254
231.217
158.55
18.2423
27.5311
99.1091
144.55
147.13
90.2713
93.528
48.8082
79.9258
64.3553
20
174.539
215.632
25.1403
123.713
24.6398
42.5517
36.9682
123.333
87.7545
37.0152
169.892
144.471
150.998
153.927
126.688
166.936
68.1323
251.233
135.966
168.341
129.81
56.3869
61.9839
154.787
132.695
94.7113
193.044
136.077
69.3149
252.414
97.4542
139.949
66.1492
104.58
117.749
116.791
20.3574
79.9156
61.9119
190.474
190.474
47.7572
12.8062
117.5
195.859
145.671
129.81
161.043
112.36
163.95
228.447
80.8412
104.762
13.4374
47.8458
56.4416
85.5558
87.6808
132.655
93.5947
252.096
47.7927
138.993
50.4046
140.721
