56.5905
55.6344
50.9206
80.4315
55.6344
39.3829
49.0651
33.8834
34.7778
29.3023
48.231
76.3191
24.4698
46.1392
32.9037
61.1908
48.0595
39.1393
63.1824
2
14.1957
55.9677
33.9729
51.8332
56.2258
33.538
83.3593
12.5067
14.4655
13.8652
29.7791
39.1905
52.9662
52.8738
48.9143
47.8993
59.5216
36.3411
10.3923
20.5787
53.845
33.7929
56.4591
48.874
63.8394
64.0766
48.6096
46.7718
32.9901
23.4947
14.466
36.172
36.8657
70.836
19.7922
53.8013
44.6807
32.8968
31.2828
47.0548
70.547
61.513
49.9338
43.6069
39.8275
45.9276
20.3829
28.5101
14.1957
61.7125
38.176
40.7524
33.691
8.45404
12.4925
48.9143
99.6038
53.4074
54.908
2
56.6872
58.3303
57.7569
92.8974
28.7223
40.0813
42.5021
33.1361
39.9668
45.2036
31.3772
76.1098
20.8608
35.0574
36.2063
48.5294
34.9572
50.9206
63.4751
85.747
51.8332
47.1304
52.927
38.0939
41.5027
85.3322
15.4999
10.5407
15.4069
45.3245
43.0469
69.3188
29.2611
16.0937
41.1941
26.564
14.5259
102.468
52.9662
41.3869
66.1687
33.3272
64.0766
51.302
22.9949
10.981
42.1665
10.5672
51.2989
32.4538
35.2908
54.102
15.4069
30.4015
2
51.9497
35.6928
56.1901
55.8117
39.9723
7.76041
13.3958
45.9443
6.63325
81.7408
44.6807
37.4036
29.2314
64.8177
32.9342
24.2189
85.6992
29.8245
43.6288
18.0024
66.1972
55.8984
50.4563
42.2826
60.538
35.7804
42.1665
51.8656
74.6445
26.6472
34.8232
34.4716
45.5676
64.0766
77.2966
48.5196
