107.92
75.8429
10.2596
108.338
75.8429
50.9063
33.0689
70.3877
34.0571
42.9887
46.6167
47.3134
58.7157
54.5468
25.265
31.2237
75.8429
118.703
57.0706
37.3405
69.6505
43.3923
88.0244
64.0221
76.5178
87.0946
50.6109
69.7288
11.3137
54.2421
43.5708
34.0515
75.6435
2
9.93184
48.5215
96.4767
14.6714
11.9991
47.1715
67.9233
43.6616
100.295
61.3122
29.8256
67.0409
123.302
64.696
16.2534
60.7583
43.9
94.6456
19.7059
41.7825
101.179
14.0491
63.6497
11.8811
56.6596
54.0741
42.1023
23.3504
67.0409
64.4655
70.893
52.593
96.0056
82.4722
91.7665
50.7848
12.9615
31.84
73.0429
53.4008
94.6692
65.919
65.6484
121.972
80.4461
66.6973
60.3007
12.9615
43.9483
15.3845
28.9389
77.2379
123.571
55.6393
53.3988
36.0037
118.745
37.5388
44.8655
56.5613
63.6726
69.3936
44.4797
54.0064
109.748
76.6772
60.6813
68.8202
86.0176
79.9425
74.8152
68.8749
26.4189
31.1689
67.8253
49.759
61.1083
28.3361
69.3684
75.2594
76.1329
14.6714
80.6798
73.2697
7.39981
55.0517
54.5665
10.8648
15.738
48.553
136.451
70.893
72.5074
93.2167
2
36.4365
11.4891
60.5447
87.1915
84.3913
85.7421
145.162
50.339
68.7046
50.202
8.24
54.996
45.2174
51.5235
56.9043
65.5367
102.923
59.2147
63.497
79.0689
38.911
81.4311
113.42
70.3877
88.8333
115.673
3.4641
103.045
67.9233
55.8195
52.2102
64.525
33.113
75.9891
55.1865
124.1
136.472
50.7424
11.1947
53.3594
66.0821
65.1442
128.365
56.3227
65.1621
42.2121
65.6896
51.6565
78.7689
43.4641
137.835
67.0409
99.6409
35.6
95.2526
55.7536
80.4461
75.8246
45.2032
11.6843
60.5598
48.8781
60.7583
52.4563
84.3036
30.6594
50.0407
46.1689
38.8367
49.8397
72.553
73.0202
10.2596
37.5215
53.3594
43.275
2
43.6114
64.696
79.7477
45.1941
47.8736
47.7801
74.8752
87.318
19.3499
37.308
60.9784
35.6892
41.4397
9.48017
34.8017
53.5074
36.3318
7.74597
93.332
56.5613
91.504
46.3425
76.1924
62.0951
36.0535
70.7505
36.4664
47.8651
130.376
67.0409
67.5775
54.6525
51.3938
11.6843
25.7402
83.4454
43.6195
77.1859
116.413
88.271
72.8052
67.9513
102.611
78.8229
78.4368
50.6611
67.0409
52.569
94.2799
60.7583
13.9641
69.3936
93.7892
55.8198
106.751
56.5613
16.2534
38.7971
55.1722
9.47067
56.581
9.93184
80.3244
80.4461
96.4012
33.9829
83.6406
58.0532
