9.27125
32.5236
8.24621
68.8065
11.251
9.12379
12.412
33.1739
9.3266
63.2286
11.0617
98.278
14.9006
17.1194
2.82843
33.7537
115.591
79.9195
2
37.7393
12.3878
17.1194
17.1194
12.8749
2
10.7911
30.8898
39.5261
20.1524
10.4065
21.0191
63.3579
83.1819
8.70551
98.0802
37.4104
87.3622
32.5236
10.583
49.7231
21.8027
28.9738
13.313
20.5238
74.4665
12.9124
9.27125
19.5219
38.6742
90.3593
71.046
39.8629
9.56504
71.4925
42.3549
42.3549
33.2448
11.4928
16.4862
5.23782
42.0157
34.4108
60.3559
44.8704
9.26465
127.177
145.535
80.5679
38.4156
57.7433
12.3878
14.0311
63.3579
37.7351
2
3.4641
12.9602
12
6.70043
22.2952
11.5767
39.5762
43.2957
2
10.6109
6.10402
2
24.6952
58.772
129.646
24.8414
49.4773
32.854
76.5759
33.433
7.2419
31.0935
11.635
12.8062
47.1066
20.0657
10.583
15.0997
18.4262
10.7911
12.4919
2
8.94289
5.25715
74.5202
6.53935
49.9273
55.1466
9.3266
15.2143
20.4363
56.3951
21.2059
84.672
11.3289
88.1913
83.6188
79.9195
2
2
14.5481
2
30
10.7911
11.4891
30.4691
14.1421
2
12
5.25306
51.1239
20.4896
8.1059
27.6999
64.3458
39.1244
2
9.0188
2
10.5443
6.82991
18.4391
24.0133
8.27574
11.1355
102.577
49.4773
17.894
9.27125
95.2886
8.24621
39.5678
15.0997
2
7.2111
13.0515
4.47214
10.7278
20.5667
55.608
30.8898
14.1639
16.2363
10
51.5129
40.0902
23.9553
31.1287
9.3266
2
55.0238
16.3773
21.2624
9.27125
51.8668
34.6913
48.1532
37.8189
11.1202
22.6814
10.3643
9.76589
8.94289
13.62
3.4641
98.0698
61.1659
9.51747
2
49.8739
3.4641
35.5606
13.71
8.24621
8.88749
15.0997
19.2873
15.0997
59.2738
9.3266
12
9.51747
108.344
11.1355
3.67147
2
18.9156
20.8658
6.63325
21.8641
69.7415
8.35452
12
30.4691
85.1531
45.3737
34.4108
31.6228
11.9413
7.2419
5.25715
6.26658
11.3289
28.004
15.5273
2
72.7171
23.9969
10.198
5.00413
25.3322
11.3289
13.1
33.4921
14.7464
37.9984
6.88232
55.33
1
7.12909
102.559
75.0055
3.4641
16.0718
2
6.63325
15.0997
49.113
37.1333
85.1531
44.8323
6.63325
44.3194
58.4691
12.6827
14.2829
72.1978
45.4109
7.89854
14.2815
17.0873
16.3773
21.4858
13.2665
45.5871
34.0116
31.4539
11.1355
9.67192
14.0125
79.1698
23.9744
15.7844
27
12
17.6031
3.4641
95.0933
37.1305
83.1819
25.3904
68.8065
23.6046
33.3862
17.1194
30.6906
5.97093
3.4641
23.3741
2
15.8029
20.9477
41.7431
10.7911
2
74.1743
76.9555
10.5443
9.51747
45.9187
6.88232
20.601
6.10402
2
60.9894
29.9766
45.6834
72.6018
5.97093
2
15.2143
55.1466
4.89898
15.6542
11.3289
25.5141
12.3878
4.89898
10.198
2
4.99145
52.8194
10
12.3878
29.0484
92.5344
2
90.3593
2
81.1356
37.85
2
11.5082
111.254
4.47214
16.4595
28.004
31.1248
52.8455
12.3878
24.0899
20.9184
41.1387
56.2406
42.8734
46.1011
80.8646
8.94289
2
2
11.9932
61.1659
4.47214
11.3289
43.8229
14.4452
8.02871
7.47437
72.0024
15.6255
19.8997
2
29.2372
69.4618
25.04
20.0514
37.9984
61.1659
2
45.7375
71.3645
50.8897
6.63325
10.3643
6.63325
5.65685
25.1125
4.52987
12.7806
30.8142
5.25715
31.2231
15.0997
35.9798
23.6164
60.2182
31.8689
14.8324
14.6547
6.20406
2
8.48528
12.3878
4
111.254
21.1131
47.7551
9.3266
8.24621
10.198
26.5744
6.88232
2
6.40896
38.4651
25.04
12.3878
2
16.0215
38.6373
9.27125
66.5521
95.0933
98.0802
41.111
2
18.2125
2
80.324
2
51.8668
14.7689
6.26658
9.70471
7.74597
39.0715
36.4084
76.5233
9.27125
10.583
8.95149
10.4378
65.743
6.79947
33.4545
11.3289
4.36449
8.22794
15.82
4.17058
17.1194
15.6128
61.7912
16.0215
82.8141
6.70043
7.2111
2
11.1202
9.27848
53.8963
28.3787
92.5897
23.2857
33.1662
10.292
12.1402
57.6926
37.3969
61.0937
2
40.6014
10.0184
2
39.434
6.53935
2
17.1194
2
46.2166
38.8498
25.3322
27.0463
10.7911
6.63325
25.0027
12.4054
32.1613
4.52987
24.6952
11.3535
6.70043
12.3878
63.8754
74.3589
5.67255
46.4422
4.47214
3.4641
6.32456
11.1355
67.3722
17.0181
6.88232
9.91398
12.5879
98.0802
36.0445
20.7915
53.2007
34.3743
2
45.5871
36.8556
98.6563
9.44866
46.5103
25.5141
2
50.5957
10.6087
11.2919
65.743
9.20754
61.1659
7.92454
8.24621
80.3388
26.8538
9.3266
84.8626
11.3148
9.06364
20.0835
31
40.7046
43.2666
9.27125
45.8936
15.0997
20.9477
2
5.25715
18.2952
45.4109
52.355
27.0463
57.2152
18.6237
6.20406
43.8194
47.8197
7.36076
16.3431
24.8399
16.8995
25.4576
15.7712
6.21577
2
2
20.4363
72.1329
29.8684
3.4641
59.2424
18.3303
11.1202
33.1596
2
45.4109
2
68.9107
17.2859
2
2
114.606
22.8035
21.4562
36.9552
12.2639
10.583
17.1194
9.85172
43.4216
32.0859
2
23.6104
10.3643
29.2415
23.8796
83.6036
6.32456
3.4641
94.2682
45.6111
41.2634
6.17034
33.8704
13.7298
9.51747
4.47214
45.4109
7.78339
15.0997
14.8884
17.1194
9.27125
10.583
2
82.8141
32.3374
20.391
6.63325
53.2007
2
72.1978
63.2389
10.6873
12.2392
4.9961
12.8062
27.2902
24.8998
63.2389
52.7795
61.8183
90.886
2
60.0283
