81.9394
66.0449
98.5886
26.0475
104.034
110.709
64.4345
23.7073
29.408
52.2997
4.47214
76.1018
16.8396
96.163
67.8803
112.839
110.984
42.746
167.191
37.4309
121.198
112.839
69.7058
96.1354
75.0985
17.8885
51.0936
47.8696
16.4924
28.69
18.7868
33.0319
84.4548
12.8787
33.1779
8.07131
17.8885
77.7803
28.4435
77.7708
35.3834
38.1553
90.7169
81.9394
22.3866
42.8486
114.327
20.4589
27.4849
28.1959
12.49
83.8813
17.1687
82.4375
61.2802
16.4519
47.7037
115.968
51.4258
29.6779
10.8768
39.4783
74.0957
14.0463
41.1563
38.0824
17.1687
15.8793
54.3467
63.5214
28.089
50.8386
58.6242
6.32456
96.3723
43.359
98.5886
9.43909
60.8545
77.3168
24.9763
9.58436
4.96327
17.1687
105.394
115.889
113.335
42.1649
24.1199
91.6114
20.2943
28.8619
140.308
53.0197
46.4139
74.9229
106.986
64.1656
138.883
76.1018
41.7515
28.69
29.8296
13.6074
110.147
85.2318
76.6283
43.9737
58.6151
37.1907
68.8887
15.7424
34.8747
10.5914
10.9545
61.8949
18.2429
15.0851
45.6129
32.1701
66.4768
69.8695
135.419
46.7127
17.7711
110.928
83.8813
69.6235
22.6384
8.28238
47.2737
15.539
35.2859
71.281
34.7098
69.2428
106.413
101.404
58.6242
16.8104
112.388
48.2981
47.3042
95.9751
102.178
27.1024
121.037
66.2304
108.974
59.152
31.1915
17.1687
2
42.324
35.2209
57.4642
87.3969
116.344
25.9553
163.092
46.0314
24.8542
50.8771
63.2001
6.06869
8.79059
73.0635
36.2767
26.5447
61.9044
87.8587
45.9942
116.541
138.883
86.9617
50.7242
14.1837
44.279
11.3204
92.2675
24.1852
100.418
66.1255
64.3341
69.3566
17.4888
71.2447
66.2804
65.9957
115.889
18.9833
112.336
18.2376
77.8933
138.883
30.6403
16.9292
25.0166
102.011
38.3463
93.1954
24.3606
60.8545
130.446
74.5241
22.5041
51.9411
112.219
17.8484
27.7087
70.193
113.092
88.8759
187.871
46.7952
66.4768
99.252
31.1979
3.4641
108.571
85.4698
93.7576
66.9138
25.9877
85.7274
86.4703
83.8813
31.9365
13.3522
58.5677
10.6155
53.9843
50.1309
78.88
17.1687
75.0466
158.764
48.8862
46.2439
30.574
5.2915
62.1453
82.049
60.7783
15.1265
66.4768
143.633
26.6295
52.3668
65.5918
31.115
109.705
8.96206
138.883
51.0051
25.0995
111.793
115.968
77.1076
15.2915
94.3934
79.6953
48.664
40.9295
39.3649
47.8391
139.269
83.8813
96.3723
58.7119
82.5456
10.6306
28.319
76.5253
30.0596
22.2796
34.3484
14.749
40.1568
60.3124
27.3585
76.1866
16.3848
60.4815
16.7885
104.034
77.7937
46.266
66.1974
4.47214
70.6757
40.2746
83.8813
79.2238
61.8384
25.2982
204.744
8.823
78.88
40.7556
3.4641
41.7755
44.7347
108.974
89.3679
76.4333
14.5671
15.6654
28.4338
77.8933
83.2305
38.1087
75.2034
28.334
46.2162
75.2034
82.5456
63.3497
15.5423
66.2678
53.813
56.7951
102.218
8.96206
55.2951
92.9085
30.1506
67.4132
138.883
59.5766
117.607
159.777
16.5245
46.9366
62.523
169.034
73.7355
27.9819
29.3726
3.4641
25.1871
11.5207
14.1126
81.9394
87.3969
47.8556
98.8112
78.5055
75.2034
49.0393
16.8396
110.147
30.9499
62.3975
39.5437
60.795
128.537
40.4889
31.4113
15.2678
78.8533
75.4271
138.883
90.7169
58.1705
76.6283
83.8813
15.2915
93.1954
9.55237
63.2001
83.8813
58.1638
132.375
23.7114
10.0949
76.7763
73.5531
49.1864
44.2773
33.5033
17.8885
80.7302
15.5773
71.5522
33.4858
168.594
37.6227
47.4071
88.7349
7.74028
32.6169
92.2675
43.5847
13.1286
21.8175
49.4967
48.743
69.4804
2.3811
74.6976
12.1867
171.115
42.6878
51.6979
91.5883
25.7459
72.0675
65.0181
67.1286
125.083
17.3406
33.3128
51.8273
52.808
10.6306
48.6022
92.9607
51.9157
28.8977
138.396
68.8887
75.3494
44.8074
65.6239
72.6157
49.9122
32.0806
86.5058
94.2761
64.4838
106.744
19.2084
20.2044
33.7629
62.8297
70.628
81.9394
49.8778
79.8747
110.147
23.0223
11.597
40.5833
85.2631
149.802
29.9053
29.7045
80.6554
66.4592
16.4924
77.97
114.82
22.6384
68.2845
58.2458
47.7037
15.0517
72.7995
148.806
117.781
8.823
114.829
24.4573
25.8551
66.2979
57.1551
16.9333
115.889
75.2609
41.84
34.8678
32.0345
104.162
17.8885
67.0209
62.5346
29.1896
110.147
145.648
45.5404
152.082
84.1691
18.2625
61.0467
91.0367
96.9731
70.6302
22.812
71.7765
66.4768
79.5674
16.7034
