129.618
117.482
113.855
163.246
28.8646
80.3305
15.5864
152.521
59.8682
4.47214
49.5306
124.803
76.1012
141.565
89.0862
57.6217
52.8632
71.7501
72.85
85.345
116.661
118.434
95.7294
66.2557
125.22
94.8565
143.536
128.919
33.5334
114.706
51.3349
124.803
66.2758
96.9575
20.2023
12.8062
6
31.5264
228.021
70.0733
89.0862
127.951
141.565
171.759
61.4975
192.961
91.8075
91.3378
81.4326
32.7435
138.048
12.6838
122.682
12.8547
27.1832
127.871
62.1185
141.436
39.0682
28.524
14.704
58.4234
103.08
71.9557
107.735
152.196
54.8424
93.312
74.501
62.604
67.0577
29.9002
13.9695
154.072
99.8022
14.8181
13.3748
76.5963
39.8922
12.7541
172.988
18.5728
89.9211
47.9123
17.4263
84.7043
163.309
64.8147
76.8449
101.017
109.196
151.333
148.174
73.9591
59.7303
143.319
54.419
99.8495
109.514
127.951
119.469
102.228
18.9737
21.4476
86.5922
131.117
193.082
98.2626
21.3468
86.651
46.2095
15.4919
117.482
125.71
118.452
30.7846
66.2129
92.2586
124.803
85.0009
64.9644
19.2955
44.7755
131.33
100.068
96.7379
84.5463
108.987
117.635
120.503
100.068
152.894
27.5849
92.9784
54.9881
11.2989
40.0741
104.543
47.7974
178.385
84.0899
46.954
130.857
87.3747
183.35
80.7113
118.093
95.3858
37.0644
11.9272
116.675
50.4326
54.4485
75.9286
152.788
17.3245
86.6551
127.823
99.054
137.717
32.2413
107.286
39.3563
76.2104
110.147
29.6121
66.8286
48.3981
87.571
86.1837
146.606
101.133
115.167
95.1607
110.971
59.1159
22.228
59.8447
50.0523
104.248
133.531
49.3489
152.063
171.011
34.821
138.536
214.106
100.588
92.4543
117.751
123.921
69.848
40.7495
136.574
77.0722
124.333
99.9138
71.5612
162.646
13.4164
140.808
104.619
147.501
79.5484
88.2659
137.122
60.4148
67.8041
6.88836
126.023
162.416
23.9369
18.3666
128.486
56.7259
113.383
20.15
138.425
148.642
127.871
61.8576
118.005
114.792
117.751
79.2019
16.0426
133.667
60.0765
132.644
94.2878
61.2874
32.0153
73.993
185.582
143.319
117.482
20.6379
104.503
49.0209
142.715
106.474
91.5256
143.319
89.6705
100.099
118.005
35.4929
137.122
19.4838
124.803
74.1446
62.0276
118.738
62.4091
124.803
129.089
40.8545
45.0408
16.655
70.9527
165.829
197.367
89.7159
37.1947
77.1978
157.605
58.741
186.083
79.3917
20.3336
96.7779
73.0676
22.8538
82.3821
31.2769
116.345
142.327
95.0684
87.3747
68.8186
75.2517
116.331
97.4725
124.165
120.503
123.255
94.0445
53.9118
153.702
99.9138
116.476
64.4634
25.3877
130.554
131.422
64.6636
95.5911
133.528
122.454
76.4576
38.2801
102.18
104.427
48.9769
41.6674
141.565
101.133
37.6618
82.762
67.1299
39.5503
69.9417
158.909
102.154
6.83792
91.9045
26.9429
22.746
64.8584
10.4733
44.5168
5.40508
49.7793
141.436
17.1208
148.507
117.482
86.4753
82.6265
147.932
119.764
120.105
66.1245
26.528
128.798
195.797
156.969
34.2057
86.4787
77.0474
12.6664
109.368
90.2494
102.228
109.381
102.228
63.8351
35.5397
105.803
124.803
11.7218
64.8188
14.6959
34.0455
77.9828
139.277
9.38083
157.605
74.8804
86.9655
64.0966
109.368
95.712
127.951
65.9908
133.531
67.7325
13.0533
106.143
102.342
76.7366
21.2066
36.3457
39.7308
109.381
83.9128
127.44
85.8501
106.711
50.0406
116.382
57.7656
31.608
69.8125
109.353
72.3213
87.3747
113.661
143.319
158.317
166.98
20.8951
75.895
13.0989
6
91.4384
102.508
133.38
17.1014
116.286
127.951
38.7556
6.15606
150.062
26.6571
144.211
143.851
124.803
107.109
113.703
165.082
39.1213
17.2116
25.2884
65.7657
59.3287
131.117
53.6452
61.9727
52.5028
15.2718
88.6789
28.5657
182.99
57.416
112.388
74.1006
38.8382
87.8806
56.7939
12.1819
46.4806
52.2076
91.3112
89.6889
54.4384
63.9388
25.496
166.362
96.3765
28.6584
153.717
109.759
50.0788
68.1637
211.129
92.5181
7.82251
128.544
45.6778
100.021
54.3076
90.7023
141.565
94.6584
116.661
104.683
102.269
184.79
54.2177
14.6827
126.824
20.9678
25.8187
13.7271
148.642
29.3948
148.186
115.134
10.583
59.1259
141.436
18.4235
59.9558
182.772
76.6271
27.714
120.185
78.0591
139.117
156.632
94.6584
78.5841
89.1738
116.291
80.6849
124.803
92.5181
31.8391
121.474
14.6827
151.58
138.684
54.8019
143.319
162.627
111.677
52.8793
49.1765
22.3124
45.2198
49.3651
