636.004
359.728
531.214
326.922
775.889
454.392
202.691
373.537
567.594
425.198
431.681
365.246
63.3163
298.455
378.818
391.112
609.87
563.987
600.621
301.438
173.27
311.419
521.651
499.617
576.584
284.88
500.258
394.263
652.106
308.488
243.613
525.831
430.056
550.413
457.346
378.914
495.473
601.681
458.263
394.421
310.859
278.876
569.904
422.434
380.173
797.91
233.252
580.641
507.017
473.754
411.182
434.603
668.729
706.833
79.1791
490.423
379.33
332.047
490.194
695.492
707.604
165.746
444.629
79.9981
234.247
368.295
380.173
382.655
87.9474
155.692
768.806
152.17
598.186
337.103
211.375
423.898
368.295
23.4936
526.425
735.296
434.04
422.963
428.02
529.388
410.928
345.327
284.745
440.839
372.326
427.004
487.16
381.287
650.678
243.867
251.376
640.656
663.075
558.235
425.832
352.165
539.114
532.954
371.799
181.933
339.387
471.048
586.4
414.535
378.024
586.476
544.94
304.482
73.4508
324.65
760.846
571.809
419.272
39.5583
522.521
381.227
441.036
449.138
464.596
443.932
456.757
285.718
836.07
337.515
1056.53
422.284
4.05761
550.285
449.138
301.383
558.664
426.938
1057.54
420.542
815.457
311.591
191.943
495.417
301.91
324.388
380.173
284.54
868.649
906.266
327.943
592.132
129.708
601.681
393.569
526.937
75.33
247.795
495.434
417.517
107.675
472.694
620.627
501.697
89.2063
729.537
766.381
477.257
651.774
298.944
971.69
315.986
455.768
203.606
272.628
761.294
386.24
455.538
530.84
469.903
383.848
387.618
241.398
655.107
182.803
654.687
501.456
363.649
401.051
405.948
394.763
444.175
305.966
422.694
208.22
644.413
330.739
15.6826
114.884
25.2704
480.582
533.56
566.858
637.558
414.535
248.293
436.403
324.094
428.262
505.745
269.26
616.346
345.724
656.259
498.622
477.163
586.39
34.3928
686.757
437.702
298.455
49.1725
738.447
500.322
316.781
846.134
622.095
147.872
632.796
196.883
25.0357
154.472
485.752
368.295
447.537
350.392
758.365
444.305
180.771
771.13
449.755
609.753
301.744
427.475
386.018
44.6258
273.688
471.905
410.091
411.011
368.295
434.506
380.173
727.741
490.748
399.394
470.633
380.173
584.8
854.993
70.2224
430.657
568.132
545.078
593.088
411.847
470.253
458.783
431.391
665.763
476.866
359.686
383.698
524.752
560.878
690.011
337.906
362.33
370.902
189.121
194.095
503.808
137.762
411.665
626.527
440.231
60.0825
211.4
366.735
143.23
696.887
340.615
183.182
473.994
368.295
189.421
215.174
892.984
305.002
412.398
730.621
100.133
566.876
479.109
493.094
475.446
147.876
334.087
423.84
486.934
103.772
307.598
59.7313
45.2986
373.708
477.712
33.9709
936.642
394.512
256.081
137.399
216.405
401.9
875.883
56.2739
203.606
365.674
627.099
362.33
308.251
458.813
54.7947
411.665
188.565
418.866
493.661
270.365
383.05
492.699
649.14
467.678
356.138
515.149
654.837
529.922
503.158
188.565
762.174
207.591
457.279
628.937
588.414
300.61
701.284
276.345
391.908
794.881
391.908
426.338
495.055
148.328
347.777
588.127
396.034
171.036
453.017
126.267
464.936
590.04
847.807
349.211
601.552
412.556
682.293
235.401
464.584
416.442
390.039
365.568
379.472
410.342
405.437
381.723
270.588
408.682
598.617
419.033
610.699
636.405
423.947
493.832
892.415
267.924
301.047
152.17
391.112
690.352
446.624
533.434
454.683
880.44
243.685
452.909
687.585
641.211
188.565
483.077
935.112
561.093
371.091
413.34
414.535
998.764
494.859
936.028
518.164
429.364
446.874
409.243
440.023
238.788
665.352
460.103
570.628
312.819
457.089
374.33
302.197
264.143
241.018
146.981
30.7303
494.358
346.389
848.031
259.165
444.416
565.59
619.565
492.368
422.027
474.525
984.899
340.614
60.4319
205.287
358.349
445.832
491.026
281.359
275.029
393.355
672.046
182.261
637.749
170.87
970.399
93.3786
540.542
741.132
206.474
732.709
382.781
334.011
490.255
228.302
399.256
399.798
269.757
431.756
616
82.5961
51.251
39.8779
572.736
285.835
537.468
429.795
505.357
540.117
785.077
526.596
478.082
248.508
597.441
65.0494
851.491
457.03
165.341
24.8998
450.837
414.648
685.606
564.887
104.771
69.3447
356.099
255.659
377.384
377.456
410.768
520.028
352.092
72.0751
450.403
305.024
456.81
380.173
353.844
336.284
123.15
429.013
637.648
528.379
526.367
679.748
98.4976
190.913
76.288
538.946
609.58
319.564
271.215
369.05
427.728
405.758
652.157
306.904
369.226
760.701
34.2982
1159.4
185.237
341.75
526.91
427.533
495.367
506.634
866.069
382.148
531.246
188.565
431.454
400.9
470.633
347.447
424.884
820.731
115.704
365.603
548.359
400.012
471.877
423.681
408.392
567.122
352.718
393.569
424.554
220.605
120.047
137.762
465.785
305.93
13.3011
188.565
402.712
361.829
457.03
370.807
684.028
875.883
536.456
45.3986
381.31
181.444
179.316
461.315
25.6125
324.521
407.913
35.0867
1037.86
286.62
445.046
351.326
643.364
645.38
478.082
423.814
330.069
386.169
373.62
56.3067
353.855
47.1618
389.896
386.018
459.279
174.343
61.2904
455.324
490.257
432.444
656.608
129.708
385.643
280.758
503.755
380.173
589.091
239.969
407.639
369.107
413.38
555.272
392.145
381.915
22.8441
299.814
389.613
571.959
126.084
212.606
671.37
615.74
660.972
394.124
174.217
398.73
864.013
569.786
669.993
445.108
305.193
391.535
183.182
445.032
399.346
955.036
363.813
761.321
433.683
374.274
335.404
635.713
394.763
450.951
179.51
454.392
450.438
575.235
462.704
548.896
586.727
491.353
311.355
493.205
459.019
454.521
276.354
437.326
387.761
1083.49
91.1765
591.069
60.7716
567.878
19.012
500.143
711.959
511.17
802.339
365.562
543.66
669.022
713.943
159.541
588.134
617.482
432.469
42.268
378.639
302.816
338.857
368.66
567.924
622.91
548.346
483.464
69.8687
192.11
284.722
390.838
411.302
427.728
117.845
659.688
515.478
624.682
492.076
403.986
526.058
412.792
201.408
812.645
374.873
269.824
361.157
293.939
578.578
608.349
580.292
334.198
424.554
446.852
413.55
477.923
463.277
291.303
390.805
578.666
566.979
500.567
544.187
28.4319
270.66
470.633
347.777
734.164
244.983
437.162
93.1708
461.945
401.525
612.561
281.969
376.207
337.103
492.68
319.871
89.9573
422.434
229.758
1040.48
580.863
245.408
383.458
306.852
314.423
458.773
197.446
115.347
223.709
659.151
554.659
349.557
718.842
609.753
301.492
801.918
222.192
334.852
175.634
427.728
705.948
409.656
298.409
750.586
183.182
483.255
431.733
803.72
461.044
643.874
607.993
691.732
650.808
842.591
512.182
761.891
334.862
359.686
209.435
842.786
438.901
136.296
677.84
465.665
404.635
337.19
234.557
397.798
55.3734
466.151
478.227
361.341
322.206
342.958
329.691
299.45
448.857
428.029
633.619
422.313
561.385
684.346
422.284
614.266
656.629
7.55138
43.4242
104.191
567.33
509.304
381.139
792.884
361.203
277.401
10.3881
490.623
566.841
607.208
411.665
553.451
751.79
299.797
411.302
129.954
320.825
30.9641
480.339
411.092
223.581
331.907
488.596
617.325
131.653
619.734
670.818
767.879
802.316
594.721
374.455
461.218
424.554
277.668
337.103
616.322
486.751
411.665
606.958
221.954
693.97
447.739
429.645
278.048
404.068
563.261
290.587
806.396
7.48331
302.856
325.198
408.188
479.795
382.429
610.456
547.611
408.392
404.332
489.821
459.713
58.4153
294.462
349.5
316.23
224.637
615.722
427.968
505.438
253.262
457.089
479.897
449.138
101.76
322.376
430.478
365.556
481.835
316.626
477.78
659.182
230.313
485.151
586.39
630.625
422.434
418.386
420.126
267.497
826.279
15.0896
164.083
375.16
175.634
434.603
199.655
890.19
812.062
357.797
433.751
453.017
304.482
444.449
263.232
667.894
371.711
526.25
406.324
617.44
389.889
529.298
583.855
585.252
635.713
255.532
750.586
453.017
165.672
44.5803
116.685
396.523
793.344
433.672
522.361
374.038
188.565
698.986
29.7236
624.34
457.222
820.943
713.995
549.221
434.603
393.569
428.262
398.73
445.07
371.276
417.065
499.945
391.796
369.942
598.462
498.846
635.407
49.6267
509.176
484.743
410.919
396.271
426.986
503.212
92.1785
601.433
249.368
468.65
380.173
557.322
651.336
468.791
324.756
882.833
335.876
382.655
424.554
420.292
301.343
380.146
420.215
174.863
457.045
128.037
585.668
416.067
386.709
327.943
557.286
534.297
11.1355
378.312
469.857
119.577
95.595
529.689
441.972
403.258
343.082
40.6685
104.815
311.468
93.7971
90.712
421.296
524.35
551.728
689.7
449.216
454.389
581.716
159.271
389.454
769.865
98.3315
390.404
175.634
754.373
659.372
453.853
411.235
630.966
711.557
470.27
397.403
256.038
464.287
276.392
417.886
260.35
361.065
408.682
452.294
821.429
458.533
400.794
373.033
444.542
678.474
532.31
218.856
301.383
149.19
414.814
747.236
777.619
493.832
540.322
430.447
526.734
603.476
32.8634
491.81
465.535
671.928
407.968
141.864
75.7509
380.173
532.101
743.555
398.675
896.903
434.603
465.993
724.635
410.845
895.785
389.379
92.6182
534.368
284.73
481.523
195.905
307.827
33.3913
523.915
235.183
598.214
439.596
321.38
465.396
394.646
281.359
352.551
368.879
381.015
238.141
132.293
970.752
327.643
367.339
491.39
398.941
210.692
380.996
657.955
400.794
510.772
698.917
524.752
454.659
612.983
567.129
768.827
604.508
194.473
513.897
675.564
363.121
453.096
33.4692
594.51
390.781
326.8
538.122
188.565
658.641
402.015
498.505
318.946
232.533
391.908
441.788
414.053
579.759
382.655
635.713
426.957
302.955
432.075
529.121
718.505
735.393
33.9709
327.943
630.938
791.863
648.681
136.296
64.694
780.833
492.951
295.945
310.041
430.198
201.421
191.255
379.772
346.012
523.561
665.464
640.656
347.584
362.812
87.465
3.4641
718.038
470.842
433.719
35.609
400.794
578.543
391.994
532.092
459.578
527.981
504.257
1111
513.141
532.81
434.603
90.0261
378.303
322.64
211.502
355.147
33.8269
391.1
638.976
750.586
434.603
738.502
487.029
412.188
535.173
588.362
424.884
50.0086
528.517
308.802
373.312
164.928
740.144
53.8811
333.284
431.955
320.612
145.808
555.801
585.699
304.932
441.209
515.225
677.74
671.624
453.102
591.631
47.1618
482.26
421.139
513.829
434.354
380.66
183.182
449.138
776.517
777.428
734.045
83.8027
550.126
414.535
495.536
194.187
356.952
619.613
463.669
76.1946
69.6651
557.045
803.076
698.251
640.576
436.54
848.816
273.84
301.327
503.808
242.283
983.769
432.129
553.068
434.603
249.368
435.061
81.018
82.4967
393.122
37.5898
460.26
74.79
871.64
427.897
601.681
738.578
609.04
625.419
81.6161
486.887
330.656
151.843
62.8492
378.427
335.346
512.633
483.627
206.283
269.861
419.634
326.865
380.173
607.437
605.942
512.6
320.394
391.991
468.442
699.818
383.746
217.948
73.7004
173.27
363.438
30.9642
458.619
409.243
210.26
564.417
431.829
417.064
386.01
370.096
450.626
515.631
353.854
612.663
245.213
528.184
266.946
622.331
434.603
363.274
840.517
691.336
393.103
406.094
239.611
404.764
495.268
690.501
452.204
585.898
414.535
326.998
302.995
341.051
451.787
615.428
15.7205
640.656
380.173
540.907
1020.97
861.217
244.803
266.878
373.507
436.955
148.5
118.837
183.182
402.085
223.372
392.467
435.414
460.327
278.339
188.325
311.502
565.166
403.857
168.117
610.524
391.276
581.148
354.54
250.602
285.294
175.634
179.124
546.977
568.178
570.14
420.255
383.442
526.258
422.027
42.5611
297.31
721.657
585.866
459.872
418.517
410.636
367.372
400.794
239.969
232.889
332.762
336.874
437.848
448.758
458.359
326.401
275.417
667.652
458.359
675.16
694.164
379.764
374.795
613.734
89.0759
352.362
781.218
200.525
817.839
230.947
1090.93
675.834
591.205
269.26
434.237
441.67
466.093
558.114
654.895
875.883
396.673
296.041
744.571
503.313
398.866
287.313
441.736
821.628
578.528
638.841
367.469
376.524
475.502
357.089
427.51
355.681
36.1747
934.551
191.713
300.172
503.906
359.44
411.665
106.762
269.26
185.877
191.149
386.776
542.529
123.912
726.318
337.665
371.93
230.234
301.409
270.345
388.676
148.641
253.574
450.063
448.696
608.053
339.792
737.292
480.266
592.712
380.173
883.789
420.255
290.746
660.824
386.797
649.214
559.664
719.947
590.148
437.364
20.2445
485.586
558.223
161.856
234.557
516.971
439.758
384.399
494.37
409.243
188.565
818.785
487.61
592.116
247.987
454.392
699.761
196.748
93.0932
920.018
715.868
326.233
205.63
568.45
394.763
371.276
680.241
359.802
588.269
666.969
332.008
413.897
1090.59
389.61
635.916
89.6769
804.756
307.568
367.811
810.529
875.984
407.525
589.245
466.762
310.961
332.992
213.147
591.397
713.338
528.104
371.091
267.901
267.221
547.701
357.549
398.73
306.199
464.701
875.883
156.306
437.466
544.11
423.814
757.887
364.613
61.906
397.638
513.546
234.79
659.268
851.878
380.408
337.846
121.01
374.038
251.788
32.0879
385.568
875.175
390.268
391.041
676.351
271.068
334.848
301.409
545.703
616.019
382.655
34.4258
95.9948
229.834
48.7986
456.866
438.353
318.884
486.53
414.62
459.432
414.535
774.186
395.964
416.162
495.95
636.176
875.883
165.672
391.908
550.876
487.987
377.596
64.8258
394.922
380.173
11.6359
451.787
378.144
437.191
515.389
202.627
523.103
441.752
398.353
146.778
471.915
103.716
350.089
388.126
345.158
486.258
344.283
527.96
505.109
429.781
347.801
332.047
601.681
359.613
379.538
482.989
188.565
937.845
695.148
727.477
314.373
584.526
449.138
380.764
642.356
102.358
398.501
424.554
555.54
884.537
58.0679
485.611
405.476
431.149
93.231
474.05
490.423
484.274
673.107
444.724
324.65
462.595
583.141
313.567
573.064
361.829
464.363
122.868
473.517
149.337
701.274
593.397
523.084
138.778
461.948
779.481
98.1269
324.646
81.268
55.986
148.216
202.636
202.965
229.605
252.91
445.841
367.729
461.523
440.133
380.595
409.243
413.845
442.32
459.203
482.262
412.076
389.078
690.715
359.941
526.892
454.809
1038.44
875.883
353.425
706.752
430.23
788.721
342.508
864.037
400.884
477.42
564.122
502.955
309.108
686.403
214.556
233.745
278.388
51.303
407.165
326.679
463.092
470.196
432.444
822.254
196.797
410.636
195.428
151.599
467.128
443.339
417.09
467.869
807.122
263.124
359.941
405.086
430.699
394.763
92.7354
249.368
301.383
269.355
402.288
678.069
70.1542
360.896
354.1
375.572
450.293
414.073
350.821
671.169
22.6248
420.255
368.295
758.089
425.285
976.667
414.869
541.56
249.74
662.699
302.816
112.358
334.819
179.794
340.997
434.927
494.145
465.536
414.535
481.042
565.646
878.609
436.605
429.113
53.677
374.622
371.188
145.138
590.091
482.136
764.084
686.524
399.816
386.525
1041.41
195.428
832.103
663.956
558.478
271.163
771.056
425.985
286.886
623.803
349.481
502.053
380.173
209.435
455.435
267.251
518.315
505.559
502.642
298.365
494.151
672.859
626.134
351.159
380.173
242.34
459.579
473.101
436.292
450.639
497.378
423.49
79.3422
716.255
417.231
110.149
460.53
261.563
35.9949
527.248
880.699
484.718
847.184
434.603
37.4149
420.729
392.755
344.144
165.913
605.103
394.263
380.596
1021.39
467.897
471.154
519.537
763.259
594.542
391.994
143.23
149.458
373.507
448.462
478.647
374.624
864.159
293.919
342.489
503.808
370.868
300.25
769.022
314.144
380.173
286.061
446.392
556.358
453.017
424.554
423.47
335.804
295.731
486.036
476.43
578.543
299.05
264.58
173.27
559.113
585.819
652.106
581.528
168.98
566.741
69.3831
371.799
345.452
350.37
360.577
512.6
1014.35
189.48
394.922
797.951
467.078
266.755
93.0932
87.7681
390.268
537.532
302.819
599.419
751.672
434.603
115.639
875.883
488.024
390.268
525.831
375.089
519.256
374.651
376.524
366.596
283.717
173.885
473.966
577.582
336.699
478.082
43.2817
578.631
61.6766
165.151
378.141
238.962
440.897
210.885
231.923
3.4641
491.922
48.7708
1001.76
150.228
911.186
261.389
406.799
583.334
701.523
731.191
31.8673
474.515
482.656
398.353
94.67
438.006
515.588
304.378
130.703
362.979
591.237
340.349
375.127
260.324
53.8006
161.197
390.268
282.454
954.97
367.7
452.841
397.652
195.428
261.701
103.435
481.186
307.049
181.565
344.988
423.622
490.99
467.463
269.26
65.2797
507.732
439.561
427.728
344.335
433.069
25.4804
523.074
433.201
519.593
215.758
381.352
312.48
553.759
584.693
408.392
429.154
174.835
321.271
582.594
28.6708
34.3271
368.12
711.652
440.133
377.01
477.597
370.096
451.787
479.981
450.32
210.379
504.413
590.949
327.943
1324.21
383.105
142.512
391.041
418.17
610.921
632.552
540.762
608.176
186.925
74.2902
494.889
154.601
332.19
423.814
174.863
589.869
265.419
464.701
503.395
463.763
255.095
397.638
499.86
107.891
414.535
648.855
94.9341
35.145
995.785
415.48
544.714
420.487
567.19
177.372
838.061
241.096
513.51
450.876
420.145
460.902
402.185
503.696
188.985
13.1561
453.017
600.45
390.821
306.447
1062.4
710.038
786.801
207.542
485
305.004
84.7345
406.276
448.139
186.325
305.621
332.467
284.603
241.995
766.642
312.57
555.577
509.176
384.001
202.363
646.495
519.911
499.444
109.082
489.945
244.64
387.618
364.457
252.697
789.481
321.683
445.693
341.051
528.338
500.43
5.51217
383.458
347.447
579.417
327.943
420.491
449.138
217.128
674.796
358.349
132.345
504.52
482.136
875.2
512.667
289.173
167.016
295.478
957.021
421.68
188.565
416.316
454.392
188.565
565.599
960.702
761.151
35.3453
362.77
240.964
174.863
551.421
669.803
503.941
536.393
465.259
527.139
260.969
756.971
401.545
65.824
449.138
603.918
799.2
144.432
464.156
1121.19
455.232
277.942
152.591
573.68
358.222
372.03
328.941
203.565
579.079
457.005
334.619
520.054
495.747
62.6911
37.4132
178.731
698.316
748.416
563.871
414.535
592.863
424.554
406.275
322.28
530.554
254.6
315.275
391.908
18.1701
558.596
625.421
528.189
482.26
408.392
312.464
267.924
276.11
711.759
367.939
77.6322
351.531
425.878
360.887
492.511
410.526
235.053
503.117
357.827
625.386
590.218
280.891
298.944
465.745
176.248
391.796
492.05
434.86
103.536
787.885
579.309
165.113
253.505
701.908
477.518
301.383
606.516
337.214
380.173
152.775
321.107
505.826
144.262
792.289
557.666
848.285
617.241
452.376
427.728
434.631
499.386
617.245
100.025
722.99
711.558
402.749
106.831
93.3485
550.793
432.85
467.05
450.876
555.823
41.185
631.05
50.3534
957.583
193.359
458.019
428.264
561.473
554.698
667.831
320.295
179.794
483.465
510.796
356.645
430.699
15.7525
4.64899
423.095
202.462
195.398
254.787
461.554
73.4508
591.108
480.739
517.028
410.576
453.017
459.052
292.785
471.544
691.323
397.706
388.286
97.0104
374.314
563.313
362.33
332.913
686.784
161.743
577.613
337.641
183.182
791.101
519.094
857.136
854.492
638.147
307.289
47.1618
753.68
380.645
352.143
648.926
750.552
251.517
612.884
453.096
110.746
721.366
356.318
91.6682
590.998
549.253
958.528
411.575
172.88
441.906
428.276
444.769
451.072
110.946
568.875
482.136
349.888
390.689
718.789
420.155
373.966
50.7569
393.814
806.85
80.0727
570.463
189.125
368.295
585.983
150.757
98.9305
272.264
107.313
471.544
460.814
433.836
137.331
169.84
498.15
459.673
595.757
411.665
287.711
499.581
402.763
609.022
661.415
322.29
489.364
416.167
306.951
698.939
364.07
329.242
447.324
204.849
843.949
442.663
262.847
384.96
178.605
426.315
68.3313
486.391
748.227
510.388
545.6
149.324
390.458
188.565
519.698
324.499
554.327
531.337
594.034
324.824
390.268
487.69
763.329
468.884
538.169
297.988
422.881
223.678
420.594
5.78154
382.655
183.182
192.281
493.696
288.565
986.444
350.746
233.471
427.804
340.602
446.624
406.834
422.731
485.273
223.262
351.079
329.879
603.094
87.1992
773.055
391.994
509.21
406.818
461.945
206.835
462.244
557.992
107.566
432.695
355.147
439.746
391.796
393.641
371.799
448.86
955.348
34.4859
338.186
398.091
543.595
186.988
346.25
676.763
93.231
663.712
203.058
473.29
406.694
340.904
280.105
390.281
18.0223
261.387
389.312
9.16515
471.544
583.637
289.962
351.228
580.669
400.794
302.867
384.784
309.527
571.757
115.639
826.586
453.446
405.997
476.028
426.692
545.474
438.363
658.625
439.746
612.701
570.787
424.554
393.409
330.739
471.962
833.721
859.321
343.169
336.221
356.492
34.2806
203.194
371.721
576.217
594.984
573.258
356.005
380.173
195.428
254.994
248.179
421.296
419.663
130.649
219.952
344.424
223.358
464.159
408.912
260.324
128.51
260.202
426.522
828.577
485.524
749.738
590.271
492.733
327.652
447.927
407.637
348.55
360.811
407.474
575.718
434.603
366.596
478.131
368.295
242.579
374.624
221.134
781.314
434.603
413.628
422.492
431.519
183.182
453.614
424.214
474.968
411.665
749.659
255.359
307.777
491.586
795.065
403.692
561.788
27.9751
680.765
369.42
600.642
450.462
750.302
892.154
715.519
493.03
386.166
691.18
29.6009
394.763
540.614
228.982
319.071
388.231
434.603
386.971
554.395
336.493
822.036
507.084
649.198
458.613
523.319
146.512
56.9845
234.644
398.878
496.185
410.636
434.603
434.603
454.993
449.558
124.855
386.649
71.4951
455.435
140.025
518.557
473.636
453.096
387.322
638.14
318.23
368.295
406.462
544.5
516.248
50.3972
344.503
354.363
524.283
395.006
558.422
398.353
676.595
733.063
304.112
449.138
280.346
45.0757
434.495
697.629
686.682
6.63325
263.001
398.726
713.27
322.495
579.542
453.463
482.413
380.173
523.978
379.521
455.991
551.044
411.665
475.922
438.236
570.501
636.245
288.213
66.9705
546.811
308.069
510.371
887.134
449.138
60.9177
404.844
411.665
397.798
544.119
356.787
306.339
785.293
593.702
404.116
179.944
437.326
680.699
383.237
764.756
258.629
390.268
709.083
354.962
447.493
305.921
183.182
379.477
430.447
465.428
635.916
425.618
491.194
165.984
188.884
593.434
685.551
621.213
170.278
301.383
215.657
111.946
521.31
264.333
822.5
463.849
95.4812
847.21
295.547
168.12
897.768
394.763
492.381
107.891
891.127
200.174
136.145
250.578
73.4508
736.936
560.956
910.857
854.298
315.138
836.734
421.378
169.096
243.678
466.174
386.7
279.479
574.746
703.857
32.6832
365.543
434.603
306.328
501.862
530.953
307.9
734.904
351.998
949.227
430.738
403.898
619.746
426.43
535.686
103.173
521.747
26.0738
840.415
382.445
412.268
477.631
574.458
692.542
536.093
519.203
647.543
59.3118
276.391
147.946
403.946
341.051
673.459
1044.3
496.389
722.918
172.19
742.387
423.792
382.655
223.634
126.928
174.788
563.39
405.722
414.648
402.246
344.594
46.7219
208.855
460.82
453.532
521.965
382.231
637.866
351.583
362.815
496.656
44.208
408.894
675.172
659.761
446.256
332.641
655.008
462.293
205.718
336.221
423.814
316.492
356.237
530.707
428.792
566.406
486.737
333.542
617.674
558.28
368.179
352.551
203.606
508.433
362.979
141.502
487.794
284.904
334.852
92.2982
932.619
636.686
335.336
546.608
349.737
21.4615
771.684
633.327
146.435
356.572
516.636
211.502
441.209
173.695
396.314
424.554
489.198
363.86
612.388
522.03
454.392
220.78
743.643
410.636
401.333
388.791
86.0016
340.019
443.828
422.284
594.355
353.828
123.15
496.552
473.205
727.725
554.585
189.421
188.565
129.757
498.32
54.5451
399.654
839.419
188.565
364.695
513.839
259.694
93.778
350.742
744.569
486.595
80.2961
479.322
249.368
437.762
710.112
183.182
207.398
683.664
176.162
1025.74
177.51
414.374
420.967
184.229
226.343
265.813
208.066
475.714
110.365
631.796
344.283
470.633
636.368
277.31
433.287
445.193
313.858
630.616
475.195
462.913
231.507
587.81
457.259
534.91
289.085
635.392
325.198
2
164.367
627.145
366.796
473.667
439.072
256.038
812.783
423.535
472.732
44.4953
939.21
83.2917
560.456
437.364
30.4886
446.693
414.619
823.843
420.449
516.511
756.121
288.787
690.666
607.062
8.48528
6.45851
458.149
298.934
81.268
533.299
272.805
411.665
385.001
438.236
666.734
382.445
480.047
347.03
516.795
263.828
274.976
315.723
442.262
174.712
126.243
516.345
414.535
507.896
750.342
690.967
434.603
269.824
270.122
224.818
875.883
247.955
364.769
450.757
363.649
640.336
238.109
127.171
104.936
542.342
635.355
71.1705
612.823
578.941
375.16
653.427
457.089
445.003
148.025
341.443
374.761
173.27
774.186
746.219
88.0569
336.45
187.838
354.363
453.096
799.482
259.383
452.978
458.783
123.15
173.151
515.76
152.056
471.285
304.482
72.3378
453.456
506.426
689.362
429.113
567.992
614.076
661.462
281.864
385.781
394.763
491.81
316.376
324.056
9.4341
300.718
547.952
881.235
468.189
597.504
691.973
100.54
84.4507
655.354
813.298
665.807
234.507
434.603
324.259
327.588
233.826
453.402
411.302
442.617
461.71
512.824
93.9983
650.436
734.395
424.255
459.784
440.649
380.455
575.481
180.642
645.73
282.71
554.556
63.3629
651.101
380.173
413.089
536.514
162.321
188.565
843.995
87.2892
435.162
505.78
227.431
581.495
389.22
389.927
553.237
161.732
904.028
394.151
269.12
281.534
448.696
574.548
44.5708
203.207
595.604
740.686
404.068
576.053
640.183
414.145
524.745
539.821
161.334
367.042
383.645
806.259
240.516
373.585
376.032
411.302
896.28
557.285
566.438
135.911
550.726
256.234
449.138
472.278
110.317
30.3127
659.32
110.536
298.349
592.542
701.72
57.117
183.182
616.414
612.085
233.252
515.326
889.139
708.005
442.452
73.4508
652.981
463.089
440.287
329.482
898.696
377.504
675.257
427.533
302.932
351.652
383.015
685.249
253.847
249.368
191.914
434.603
514.39
163.803
172.777
416.167
177.22
524.437
400.794
314.112
340.103
155.116
323.048
81.2512
60.4761
728.84
143.935
364.161
150.306
530.219
414.535
28.1709
454.335
361.685
483.712
838.976
513.425
317.863
122.564
481.565
776.595
434.603
784.724
696.843
477.487
475.342
225.407
51.251
202.361
646.975
518.713
92.1883
141.842
394.263
380.173
464.917
293.919
424.214
93.1708
600.231
550.621
90.5762
697.35
737.715
467.128
189.954
423.067
423.622
451.209
421.937
326.847
457.766
473.791
414.535
452.862
85.1795
669.015
636.583
109.7
339.874
392.859
593.44
433.904
400.106
411.647
373.469
542.448
463.863
565.398
411.011
423.814
368.295
441.863
405.201
494.76
288.254
721.996
243.264
348.368
19.0209
57.499
377.995
555.118
547.535
100.68
279.758
622.993
371.802
252.058
704.327
162.354
526.881
246.462
484.758
519.118
445.575
359.447
182.774
464.434
373.515
445.311
351.531
522.577
433.114
278.103
95.4649
55.1056
686.815
236.953
533.228
44.2052
561.524
836.094
265.859
919.374
128.162
205.152
85.5255
427.386
347.604
639.503
578.539
523.328
439.757
497.986
62.7131
688.104
425.226
393.569
462.463
478.508
577.897
310.175
487.862
946.178
394.763
599.328
550.051
388.945
353.933
431.733
98.9694
269.26
239.498
844.9
431.238
793.721
541.885
750.826
449.56
532.357
62.0595
516.722
591.3
508.226
394.763
73.1771
346.012
177.617
457.717
364.03
411.389
350.089
479.54
951.969
649.292
66.3221
183.182
237.203
518.281
87.3639
475.29
173.216
117.113
309.661
222.291
547.807
561.178
503.906
478.29
569.14
366.889
358.345
434.603
169.27
410.636
879.472
45.7
134.287
271.112
377.021
900.296
42.2983
13.3062
472.459
658.399
474.99
760.442
108.584
568.282
758.731
272.887
979.723
784.792
333.339
901.034
368.295
532.804
439.746
356.46
799.46
394.263
426.454
360.942
37.0421
378.804
128.037
556.896
578.814
788.721
404.841
593.883
392.012
231.923
515.478
832.064
657.927
403.189
312.305
88.7012
570.847
128.245
758.263
237.87
541.994
490.034
700.478
35.2313
411.665
812.757
448.696
386.525
454.249
516.059
897.581
114.938
781.056
514.66
199.18
56.2652
453.017
46.7688
413.38
411.665
651.293
614.005
428.02
35.1136
745.648
326.747
465.791
104.542
175.634
539.236
397.235
541.949
32.3915
426.396
540.179
398.842
174.863
461.831
189.701
419.416
366.113
900.765
877.291
461.803
481.693
574.374
224.155
732.898
380.173
288.559
702.75
659.366
506.416
1163.99
414.535
390.873
398.353
50.1208
420.88
263.7
241.003
410.181
170.608
302.218
410.745
790.985
414.535
773.797
687.69
1085.91
165.012
416.663
167.825
574.669
280.349
371.799
571.212
285.299
807.425
580.474
161.919
616.118
534.965
495.286
239.969
573.778
488.645
438.353
558.589
379.472
376.952
320.095
317.285
674.182
485.204
434.354
69.3702
456.981
958.239
644.507
85.4588
610.422
568.637
358.901
830.741
394.763
251.407
337.103
224.433
110.872
459.465
108.881
547.113
143.097
724.154
58.5748
558.586
572.059
352.002
131.619
237.413
324.776
479.006
1132.72
437.645
142.898
333.673
417.6
718.585
449.138
552.405
256.637
86.085
703.923
847.184
202.361
585.502
211.607
112.714
333.434
253.757
314.305
580.911
552.974
225.339
583.842
560.888
299.797
18.7924
90.1824
380.173
435.102
806.313
588.482
424.398
121.896
454.417
378.312
151.574
323.763
576.216
381.35
332.45
124.95
368.295
47.1618
369.867
534.143
256.18
399.95
331.605
441.209
465.683
392.27
461.232
543.577
323.763
569.72
548.534
52.0203
294.178
481.756
387.721
398.404
416.067
543.345
351.978
458.86
360.263
371.799
400.794
180.711
700.288
362.979
748.077
380.173
380.173
95.3231
585.438
444.866
467.578
276.176
515.358
458.533
393.161
540.583
548.933
119.339
662.521
353.567
365.296
173.657
135.613
411.901
537.458
382.655
199.402
211.733
441.239
857.945
776.406
465.921
623.856
370.868
192.46
515.62
375.116
367.372
61.6807
558.65
427.897
60.7597
503.87
581.878
453.515
790.885
624.869
524.301
164.083
670.736
701.549
386.06
564.043
382.643
349.068
16.5231
321.058
595.493
594.829
333.339
32.8634
634.193
792.914
32.7975
417.859
194.683
644.838
453.535
376.988
1024.17
756.01
508.473
943.414
170.364
485.948
131.947
725.759
540.117
388.217
503.85
379.225
455.976
434.603
47.3564
241.247
410.786
129.544
438.498
182.335
427.728
1159.39
389.512
455.768
468.919
611.434
640.656
651.877
43.2201
464.833
589.178
475.894
698.062
753.225
449.953
270.836
320.774
290.652
541.935
725.032
933.831
511.229
184.24
315.138
1165.46
57.7293
441.209
114.792
500.048
717.533
509.87
510.673
336.809
204.959
430.883
518.814
841.422
235.238
30.2268
107.649
214.406
160.823
689.39
316.818
523.074
404.936
785.899
765.523
100.68
723.967
691.734
670.867
352.092
1035.55
475.969
486.813
368.295
268.411
666.167
499.693
400.794
234.219
319.939
484.672
850.431
690.183
143.848
101.001
363.563
442.58
95.8046
911.648
212.8
570.424
22.7386
353.052
347.293
436.157
670.865
664.811
394.136
10.2958
541.303
770.379
412.704
429.672
390.781
504.024
629.118
228.2
543.253
544.425
727.725
45.7258
173.695
372.881
430.836
33.5005
33.8269
345.015
370.467
371.091
258.325
451.787
504.938
809.209
395.503
60.8726
290.288
392.831
404.532
400.012
635.016
234.163
241.247
118.516
454.683
293.047
381.015
516.02
115.513
699.895
421.643
409.243
431.681
368.295
250.343
380.173
415.676
609.252
84.2112
493.588
431.859
1105.42
435.353
56.3433
484.33
718.188
389.013
319.043
410.84
115.143
453.017
371.316
520.134
126.928
435.258
72.736
666.226
738.325
182.053
225.638
394.763
533.665
622.276
323.443
522.6
292.198
615.461
553.55
236.312
614.301
420.651
397.175
453.546
37.2183
111.932
315.351
346.816
738.845
641.134
191.431
399.654
761.294
560.216
174.863
628.688
367.542
417.897
347.584
181.565
437.64
456.182
561.929
247.484
115.956
382.655
223.348
366.889
149.717
234.749
501.689
428.02
550.348
712.923
591.938
272.887
904.95
259.587
548.089
35.0921
531.273
319.429
296.041
