64.9129
38.4012
116.244
30.0787
92.2823
61.3577
117.31
64.3859
71.4241
151.27
130.152
36.3577
32.9133
77.3579
32.0231
28.507
105.572
79.2337
107.802
68.6454
173.791
157.609
15.7988
62.3377
64.4084
74.356
80.2477
81.4427
27.7603
143.176
101.166
95.9784
39.1079
99.5158
106.187
68.2732
77.5587
79.8837
90.1835
151.359
66.2405
88.2
118.91
27.3442
126.823
36.0525
37.8768
77.2577
19.1412
132.475
148.559
67.3765
42.6944
135.083
8.43224
39.561
69.9914
96.3559
111.86
31.0759
89.7623
23.5921
16.6083
8.21087
104.476
59.8017
26.2209
102.472
122.677
96.6118
121.595
21.6948
106.004
107.923
146.789
87.7533
105.08
35.1049
76.5813
33.0545
88.4207
148.345
103.848
98.7454
89.6285
89.5115
109.324
125.578
151.685
138.224
94.945
116.97
87.3773
109.425
131.617
49.1652
86.9873
31.364
100.563
50.6666
57.119
144.908
78.7963
73.672
116.244
117.182
60.8579
63.6429
63.6136
113.789
117.18
17.4314
133.841
181.607
111.86
105.198
38.6706
41.6191
85.6358
82.5885
37.2308
130.616
62.8636
50.2416
125.683
102.881
67.4783
62.4272
70.6528
87.3948
47.4999
114.964
116.083
135.069
82.4309
16.7514
136.071
116.244
122.329
99.4696
68.6979
95.797
11.7632
66.0763
29.8324
53.525
170.573
82.865
52.9115
66.5788
100.504
67.0091
131.084
30.8738
136.605
118.424
12.476
132.822
63.3551
124.8
102.153
51.0251
88.8732
89.8347
62.8645
131.895
59.2344
53.0029
107.925
12.6386
148.45
39.561
103.604
105.917
100.172
86.2
29.0312
72.309
75.8237
46.2863
78.7248
53.4315
132.475
167.296
175.925
142.519
184.837
84.3067
100.921
20.356
11.4781
101.214
83.9907
75.6921
105.512
89.6736
92.0273
116.244
144.305
83.4089
79.9198
125.739
60.9685
20.0928
115.823
169.461
74.8194
51.7821
52.5961
111.86
95.5055
116.136
122.97
80.5772
92.0273
125.402
89.8016
21.6695
22.0412
103.138
125.048
137.841
110
111.86
24.9389
82.066
29.7677
47.1385
32.6886
85.2692
25.97
81.9399
62.0576
73.7539
90.945
80.6159
73.8324
106.004
100.292
136.685
115.46
99.7412
130.655
85.7009
24.5525
150.998
54.7563
24.175
190.542
127.83
115.934
73.14
65.9529
83.2417
49.3081
178.432
67.9512
118.167
130.532
60.2216
91.9433
32.0002
100.486
81.5508
13.5212
65.6149
75.6797
68.2199
116.244
115.187
119.3
175.551
115.256
82.9616
87.4822
115.255
113.577
116.244
97.6439
159.685
97.3855
55.3336
15.3817
52.9745
79.6922
52.3836
107.163
50.4025
108.911
169.162
126.318
116.244
25.9877
17.5768
136.477
97.8855
138.514
63.1128
57.9931
94.1982
112.081
63.7238
106.4
14.9518
82.7108
96.3558
37.9614
106.781
74.5303
66.4769
117.427
98.4068
102.576
64.8657
112.864
89.3079
64.9592
105.826
126.857
64.047
9.79365
80.0014
110.865
160.185
89.206
13.2898
73.5137
16.0283
19.1746
142.561
93.5533
55.4438
136.08
36.0555
45.5159
4
72.5939
58.0613
63.7319
108.387
24.3363
92.2823
151.217
100.563
122.128
94.6008
48.033
64.781
84.7508
195.432
75.6332
15.4944
89.2555
76.5617
43.8871
68.816
133.545
127.013
60.9611
86.744
90.2377
88.5007
139.991
91.9898
97.159
49.1727
31.9685
127.272
65.6948
5.2915
32.4504
108.442
86.4044
39.0084
79.776
106.718
45.6311
112.256
74.509
74.5003
43.155
109.009
