97.5929
53.3332
22.1233
44.2359
94.9153
119.602
138.117
124.946
94.3909
105.347
82.4277
17.9158
110.345
58.6462
105.211
172.931
32.3284
100.818
51.6976
110.441
61.8134
57.6286
83.4669
47.2102
97.5074
59.6413
46.9682
61.1709
82.1884
36.176
151.757
14.8361
88.2446
103.934
99.6479
46.1277
18.0203
74.3434
55.7479
140.458
143.888
123.08
119.162
38.946
93.8205
100.657
123.86
39.3903
17.6771
16.3452
106.138
106.198
61.8134
107.038
15.0997
108.394
52.8738
110.485
141.378
15.1482
49.7552
18.4781
38.8396
72.9261
91.7084
13.8134
48.6439
21.9207
100.769
97.5929
32.8724
72.9669
109.517
81.3422
75.5428
41.6261
95.2302
97.1249
111.321
115.466
119.818
46.8713
104.401
52.6123
110.371
100.818
76.887
26.7556
87.8132
70.4512
99.6479
43.4828
80.2321
17.9158
79.1064
106.138
15.6932
69.9356
55.164
16.0112
123.08
77.6344
86.312
80.2822
115.231
113.296
164.088
17.7034
84.1269
113.202
52.1413
36.1198
86.0657
91.4377
121.909
120.782
32.8404
67.7978
88.4281
58.7387
114.058
116.213
103.721
102.694
100.263
86.6345
55.5391
121.838
53.0119
66.8574
139.427
122.818
79.4921
70.2692
84.8852
61.4238
163.289
95.4865
64.6289
98.8517
54.6219
149.459
100.392
59.9654
110.297
109.949
58.8689
69.6966
93.2317
106.245
66.3066
93.9772
88.9361
67.7978
80.1887
106.245
118.826
30.3415
21.4583
84.7731
107.059
79.948
99.5186
77.2248
106.067
13.2907
93.9326
119.706
80.6582
96.1155
98.9482
58.2419
70.971
34.0267
8.08804
78.9725
103.724
83.2054
12.1655
137.969
101.64
146.38
72.0323
105.204
137.518
153.042
176.553
134.556
83.5404
76.778
119.482
129.393
90.4852
126.058
132.498
80.6524
85.0413
34.325
111.187
51.9086
112.355
133.033
81.7515
100.32
61.9769
40.91
96.5061
104.896
160.919
70.1533
75.3448
96.9254
81.0543
60.131
91.278
71.3971
36.4669
119.587
130.304
162.121
131.344
64.242
30.4678
116.014
114.898
109.517
100.818
145.313
60.4407
62.4615
107.095
53.6548
95.6362
55.3972
92.0135
84.0606
85.401
135.568
93.407
14.8361
131.068
86.2309
144.84
130.688
89.2051
26.7749
76.865
54.6171
17.1023
97.5709
77.622
44.6339
73.5556
23.8741
65.4202
146.829
61.9948
54.8459
94.3779
109.082
125.753
103.149
152.727
96.0433
103.423
125.921
101.64
121.081
48.9879
64.6289
101.095
62.7338
16.4615
87.3347
116.67
68.3004
55.9924
98.4924
34.0267
66.489
32.7833
66.4353
14.8434
77.7556
78.758
113.278
34.0267
164.684
65.7327
105.89
57.7401
60.7014
90.9503
97.7685
97.0447
100.039
80.4176
39.0963
62.6129
55.6185
84.6093
76.0847
124.449
157.51
63.0254
95.863
82.3814
82.2713
97.5088
98.7751
96.8738
31.7589
22.7031
157.823
96.82
84.6141
81.8279
85.4726
85.8922
72.2911
131.595
12.5728
17.1563
185.716
51.8509
69.097
11.1355
86.1083
99.0302
161.604
113.278
69.0393
66.8115
45.6706
98.7751
83.3111
109.847
154.416
57.3836
30.9278
57.3836
67.347
23.7037
65.802
5.65685
100.485
59.4415
118.826
113.174
92.8585
12.7785
44.8323
102.003
36.8492
60.9402
96.9697
147.995
16.3449
96.6594
37.2995
