60.5615
106.775
97.9119
94.567
59.8665
16.3555
45.0639
7.74597
76.6227
17.3471
9.78506
97.0102
34.947
9.4073
170.092
28.7301
109.731
69.8638
82.6695
20.1949
8.45897
69.6502
134.657
40.0504
16.458
34.2897
47.2878
8.45897
36.8194
12.3157
80.5687
70.012
31.9715
74.0397
27.0961
36.5926
83.8842
83.3252
19.3819
48.5037
19.8075
28.2635
13.1076
80.5687
63.4069
57.6592
17.7509
53.3282
83.3252
51.5191
22.8525
29.271
46.5463
22.7452
25.0339
19.6337
37.7292
16.0519
35.7771
32.9502
60.7603
16.9984
54.7677
104.166
30.3301
86.9529
112.092
11.795
106.775
21.1325
55.0788
62.7559
34.0588
86.0537
24.0169
10.1136
4.96327
12.0412
16.2445
102.608
85.3693
27.038
71.1978
114.416
33.6429
135.885
37.4603
84.2695
81.2013
89.5557
134.657
76.6227
32.1395
13.3169
44.7975
83.3995
85.5775
6
46.0121
82.1542
20.0039
39.4323
72.6737
21.6249
4.89898
41.2497
64.9454
36.3223
54.6903
97.9119
16.1801
52.9214
64.8066
66.5425
17.1763
65.0283
42.3252
23.3153
75.5085
115.133
8.09492
46.0849
26.7111
9.46389
42.9079
42.8357
46.8321
32.263
60.7884
53.686
110.617
87.1775
30.3299
61.8953
33.232
39.9376
95.5541
112.904
48.7142
131.147
71.5644
67.8861
26.7653
12.1246
37.4547
41.6293
101.984
39.3427
80.6962
168.331
50.085
23.0817
46.7325
42.4417
68.2826
17.1763
37.7537
26.4737
115.115
24.8152
56.9015
69.0918
124.46
134.831
86.4423
53.7117
21.6506
40.8097
10.334
93.9557
19.9076
100.716
72.8999
67.6954
29.669
59.4296
39.4651
34.2025
14.846
124.3
14.7654
134.657
6.3456
114.943
33.5339
55.0788
45.4595
70.5471
3.4641
65.7008
7.24943
36.1703
73.5398
115.407
4
163.018
95.925
29.669
50.7819
115.337
74.3239
37.6751
83.8842
80.5687
90.6192
88.5749
81.4609
30.5729
132.349
60.6081
10.2125
44.3381
82.1542
31.6485
79.0129
149.153
40.8078
54.896
9.74449
71.1245
15.7907
64.8066
149.556
29.8897
10.2476
43.7245
33.7146
38.2579
21.4423
134.657
25.6775
80.4171
113.536
133.115
47.5225
84.8624
15.4109
109.731
47.2357
38.6231
12.9615
32.1518
48.2131
151.48
24.2909
122.711
62.9707
80.9317
24.6607
22.4286
57.1177
27.8512
28.6707
44.3385
16.6382
76.1829
27.0214
61.4759
17.3112
97.9119
122.032
45.4602
8.58188
66.9461
80.5687
79.7111
40.4542
42.4417
162.353
82.1542
82.1542
30.6868
10.6609
76.6939
29.0057
8.56768
119.143
92.1557
8.58188
79.2981
23.8687
15.4919
13.1898
24.4583
7.28004
29.3526
70.3286
17.2767
58.9552
23.8126
71.9208
29.2441
102.055
71.9208
65.0734
15.7395
35.1816
4.00603
44.0299
50.9282
93.9557
29.7479
50.6731
75.615
134.657
59.3421
101.377
158.443
16.4115
74.3512
55.5348
16.9743
126.463
73.0364
30.0972
17.3471
3.4641
124.378
32.6997
64.3775
8.94781
79.0369
40.7293
60.452
73.3553
40.4305
34.2214
114.416
64.985
51.9306
17.8885
113.536
29.7479
45.6747
74.1554
31.6045
132.648
63.0973
42.5246
85.5775
47.5225
92.4369
91.609
97.9119
58.282
73.336
64.8051
131.379
14.349
77.4836
67.9275
14.5535
42.8303
23.9077
17.2962
38.0332
58.3606
26.7643
98.8402
166.553
109.191
48.0368
8.01135
37.6846
28.4308
22.9881
124.948
15.4919
24.8469
70.0944
36.1903
137.681
115.397
102.865
51.3741
72.798
128.92
85.5775
11.1901
16.8696
47.5651
50.2239
134.657
51.757
40.1424
86.0905
68.2612
117.175
56.9962
58.6267
53.686
99.2256
37.5636
107.203
67.8979
33.0485
6.63325
81.8622
93.5088
20.4939
103.603
6
13.4928
27.9525
80.5687
41.8632
55.3029
40.8291
83.3252
77.8067
76.1061
114.416
9.06083
15.4341
11.4286
100.074
17.0243
26.6936
7.61035
21.5407
139.863
54.7099
122.711
26.7111
45.7845
64.8186
53.3282
15.4477
72.6606
103.565
122.678
6.31002
33.5691
134.595
105.529
23.3209
51.3154
76.6939
54.6899
83.3865
32.56
33.9385
8.94427
89.9904
102.6
66.2257
30.0928
114.416
52.431
138.301
44.5913
137.132
17.3217
95.5541
22.6986
64.8066
72.2974
127.833
