44.4751
5.15654
23.5492
43.5666
42.7449
37.6911
24.7717
69.1606
37.6911
13.4512
70.195
18.6555
25.6807
45.0976
68.3803
35.1059
54.5457
30.0324
21.3269
19.9265
22.2676
41.3585
50.643
9.83432
42.0459
51.6464
8.96594
42.713
25.3323
19.6493
51.648
27.4982
7.00294
23.8318
47.2145
35.8515
11.0112
44.5293
50.7865
4.18814
32.5531
75.2097
21.6037
58.6874
51.0092
47.0786
49.9873
51.0498
9.44949
23.1528
48.881
16.4343
60.0384
35.8763
54.1962
21.6701
23.2852
19.265
19.7053
11.399
47.6629
12.525
20.4939
15.4919
8.71175
28.9667
23.7744
14.4064
31.2516
11.4891
5.44009
8.43635
61.9554
36.2159
38.0933
13.1051
51.2937
31.7671
49.8644
30.0344
18.1621
38.3439
55.7266
32.1114
23.422
39.3049
45.0976
23.4716
16.9347
26.2455
24.6912
43.3773
29.3919
61.1094
68.4516
32.5531
51.2937
6.48534
6.86829
51.2937
50.4292
21.5902
17.7685
25.9495
6
34.1698
4.66963
17.2859
69.8565
41.6436
63.0572
61.7775
38.1636
51.9649
32.913
71.9267
65.9325
62.4607
11.0285
13.5427
44.1439
17.2859
49.1468
46.7168
56.759
12.649
12.0839
56.6746
17.9072
7.66073
7.85834
40.5952
6.48534
25.4109
45.6027
8.13721
11.6318
28.4007
4.25142
29.1932
27.5776
18.7598
47.7559
39.2289
66.2848
23.3642
11.5779
69.5944
32.1872
76.87
7.32579
37.5678
29.5103
36.1397
52.7138
7.48331
21.4602
22.9401
37.9441
35.8515
28.862
28.5258
45.6873
23.1665
22.25
32.313
16.1123
37.3433
53.8702
11.5779
23.2171
40.5952
18.9098
39.1287
