86.7779
156.163
154.902
149.494
94.3473
118.639
105.555
127.891
184.807
141.843
274.972
33.6024
29.512
14.6366
100.257
99.0776
21.5243
92.0024
16.7332
115.917
21.8814
2
185.957
138.843
194.557
139.255
152.984
75.2196
158.515
168.621
196.375
217.69
69.517
82.4007
192.608
194.557
18.8668
91.6086
84.8604
16.6254
175.211
24.4188
59.0996
132.286
82.3238
104.131
44.0077
82.8695
152.047
83.1961
26.4408
175.723
22.4314
38.954
104.581
92.4893
147.574
141.202
17.3811
146.193
28.942
13.295
10.6355
23.5501
15.6937
3.72242
61.3982
124.668
63.5448
138.318
73.485
127.119
39.9644
79.8273
103.588
154.902
162.952
67.9186
33.7987
119.961
76.5568
240.844
122.905
119.474
67.199
137.315
47.4539
13.4164
45.2446
85.0893
15.9894
158.956
74.2217
60.0018
24.8951
29.5765
109.682
135.607
32.3442
20.6803
106.125
19.4723
83.8436
72.1466
165.69
22.533
175.321
123.354
134.47
5.88337
66.9279
45.5836
121.314
246.338
39.8847
167.738
40.4705
44.1347
91.1674
99.0226
77.8467
79.0834
22.4226
173.146
74.0278
21.0357
98.6313
71.4799
89.1142
19.4494
119.862
68.6087
44.4998
19.1592
121.422
108.733
9.16515
143.596
67.8503
85.4868
149.494
67.7797
141.843
120.047
35.656
127.521
152.047
7.82089
158.515
216.257
22.4243
47.9667
29.7757
171.048
20.0668
156.163
76.8176
22.533
126.164
123.344
185.403
16.0433
113.452
92.757
22.4314
86.9221
53.3167
152.047
137.36
121.274
67.4132
258.132
5.86306
133.598
60.1916
150.7
112.495
66.8624
175.8
182.719
141.369
62.1141
285.724
115.917
121.695
83.1961
73.6839
94.044
18.7215
42.8705
72.8306
177.751
35.4667
132.95
126.201
158.956
94.2603
79.3473
71.3488
57.4537
47.9023
174.468
40.1877
124.521
65.0179
70.4739
18.4706
39.6128
164.008
152.047
79.8548
16.5705
20.7846
96.6182
132.579
42.2347
140.915
15.3305
224.851
85.732
132.284
121.671
113.553
122.451
22.3648
18.1798
206.016
106.091
2
35.3727
19.2873
165.69
54.586
89.1142
54.1904
158.956
89.0647
60.0018
10.7979
70.2101
70.9147
17.42
56.8544
112.748
67.426
95.0041
160.461
51.7458
46.9042
104.299
142.21
159.115
66.2261
122.302
21.6229
116.424
91.5317
256.619
84.286
164.27
27.666
53.8787
84.2437
143.596
175.723
191.675
49.4893
124.058
65.6018
179.594
82.2562
159.493
35.6272
111.812
46.9912
55.88
158.956
77.337
38.4195
150.991
3.4641
28.2843
159.292
31.1902
40.4485
120.468
133.118
233.717
18.3665
182.392
20.1784
161.554
51.1514
9.10904
113.203
119.063
59.0921
91.1674
69.1222
91.8265
73.7254
55.9182
83.6287
3.4641
12.2761
12.355
95.4809
132.435
69.9296
30.312
17.6721
178.068
93.6043
192.608
195.35
105.134
100.773
13.4164
116.368
12.2603
184.733
103.585
18.6548
190.759
54.2373
117.177
91.215
100.827
146.334
92.0079
72.6816
19.06
157.033
22.4314
91.6768
153.702
45.9627
122.707
86.2712
25.3219
97.8297
66.2594
146.557
85.9899
171.048
20.5949
21.0903
47.59
119.058
19.4079
24.6837
174.468
12.777
192.608
52.4711
113.762
246.338
131.853
75.1366
129.932
61.0048
201.249
120.484
69.8163
163.587
34.1406
100.757
5.87836
77.7039
200.029
60.5381
35.2136
126.335
112.909
54.909
39.3154
72.066
163.631
44.9036
64.4685
41.6974
94.5096
201.302
181.587
269.622
73.4836
132.284
75.1862
150.765
52.2091
133.122
18.2539
37.7318
35.9653
9.06698
106.425
158.013
15.6835
117.249
111.432
101.5
123.614
41.9486
180.171
148.53
158.956
102.696
59.4711
38.5841
124.253
16.72
209.34
118.44
224.984
9.45435
103.181
132.943
17.2865
77.1737
206.039
74.3319
260.409
124.496
77.4858
77.6521
31.2287
55.7342
175.8
155.695
195.354
175.723
48.5737
70.6744
17.892
18.7111
132.284
238.531
46.2491
60.4869
143.596
199.137
48.3959
158.956
150.104
44.7082
91.1674
154.902
12.9414
180.41
246.338
198.569
83.8847
50.9934
60.577
16.7344
179.72
188.883
126.809
176.93
53.31
192.608
68.179
11.6197
65.1785
64.3616
30.8308
70.9123
83.0794
154.744
89.8726
12.9615
277.101
224.851
158.956
143.596
11.9294
101.557
161.573
83.441
99.2684
6.87349
16.7344
55.138
61.7771
127.344
77.209
22.533
133.122
139.638
83.4111
58.6383
34.0552
87.5021
40.4312
53.1324
93.1687
57.6826
108.306
104.83
134.115
144.187
50.6457
89.779
122.214
252.442
56.8351
21.1349
69.1676
69.2895
127.891
243.127
144.361
67.6819
129.986
73.4486
26.5136
79.9828
140.533
124.668
53.2972
246.338
26.5017
158.956
103.849
147.924
34.6104
66.3151
190.504
285.949
12.7506
130.727
41.1374
14.4817
132.943
63.5885
27.2597
65.3136
22.533
120.468
159.493
161.364
141.861
96.8693
57.3898
16.3707
100.055
113.38
53.817
16.9614
20.9762
35.7106
113.762
187.282
88.4442
125.358
59.4163
53.7542
98.1555
125.358
216.088
113.901
184.531
147.361
73.4025
102.732
137.002
16.7661
118.44
80.0271
82.5437
78.4349
19.3566
57.8191
12.9414
212.538
42.7969
36.2389
129.518
173.662
273.499
72.4966
58.6634
114.84
47.0746
189.069
175.723
162.528
215.382
37.8357
20.9372
100.428
101.669
19.3654
157.743
276.581
141.919
36.4448
144.334
180.43
43.3226
18.0462
38.0632
87.4145
15.7951
18.2219
62.6158
129.09
163.631
39.5045
19.4914
21.2545
154.902
182.392
139.671
119.766
96.4161
125.358
150.056
11.7331
111.077
169.031
90.7924
43.1398
158.515
156.046
80.3308
177.751
53.1558
92.7045
114.869
86.2796
129.141
72.5009
108.794
218.233
55.5728
13.359
67.2119
62.8904
90.2532
20.5646
19.5184
178.068
159.493
75.5008
106.425
110.364
231.026
206.564
14.2038
90.3056
21.8884
126.201
158.956
27.3851
63.0798
173.576
15.4944
81.8417
163.587
6
155.695
2.82843
56.813
190.938
12.5496
83.6287
158.956
18.7292
134.646
22.4314
205.347
159.493
45.5339
46.1026
71.9855
119.292
149.724
108.238
11.2405
70.6005
91.6565
113.155
62.7853
52.2495
191.675
14.3658
165.69
209.552
105.444
23.0306
160.971
24.8998
64.9029
107.024
127.834
131.436
52.8891
158.956
282.765
68.7976
100.012
177.657
11.2731
60.0983
20.9448
118.836
28.2461
79.0435
12.73
81.0205
24.0885
48.675
100.551
49.4769
164.457
12.8916
95.0543
30.9809
128.696
24.8998
78.4324
107.156
82.1213
14.2439
2
90.9221
279.777
99.948
90.5875
21.8884
69.517
152.047
30.9995
137.974
29.3129
193.421
17.6635
163.631
91.6941
144.768
100.843
196.993
116.604
178.851
104.437
63.6621
134.535
25.013
224.851
20.9231
16.6665
90.7582
132.144
152.047
57.8175
131.077
31.1683
74.0278
131.523
155.525
70.3867
120.042
116.963
255.188
97.5724
31.3958
113.205
177.751
66.0549
116.153
6
73.0807
230.315
112.78
43.4039
133.308
93.6032
149.534
9.80898
58.3007
11.6619
163.631
97.6607
200.571
20.7608
62.8352
150.532
24.8998
107.733
13.4164
157.976
10.9086
56.177
66.9075
77.0152
178.851
154.902
102.602
23.0759
177.751
47.5925
122.536
117.79
121.482
177.361
12.9067
45.6211
32.1858
15.4944
149.494
138.003
53.3644
104.445
219.483
108.364
173.146
43.4634
17.266
92.4893
125.225
112.797
123.354
170.623
20.4392
157.743
218.893
263.084
101.348
79.6847
72.1466
19.5027
90.6804
102.514
126.397
228.739
132.943
174.468
183.474
22.2233
232.823
21.8679
83.6385
91.2258
110.969
29.7019
128.664
59.4609
171.048
64.782
177.751
89.2923
55.9298
77.4305
153.905
58.8925
180.43
138.44
93.6567
141.074
92.4893
154.902
177.751
112.259
48.1772
213.076
65.8252
192.608
205.012
122.166
11.1715
56.9292
101.66
235.458
169.911
175.723
95.9302
119.262
73.8645
70.888
104.426
42.1646
22.8494
139.828
