78.0917
140.353
141.628
128.895
91.9451
95.1912
127.832
238.553
32.8697
25.5304
14.4754
74.8374
21.0227
84.2802
16.7332
2
179.622
63.6603
115.988
131.38
129.121
149.059
148.412
174.51
115.731
38.6231
169.825
167.81
17.6487
64.9373
14.0014
140.907
52.4921
116.427
51.133
43.9627
77.2205
142.191
54.5781
25.1786
62.5132
21.4995
37.2609
111.819
85.7975
105.807
15.7499
132.14
2
12.954
9.81124
26.3806
15.2761
2
57.6813
123.45
58.6127
80.313
61.7248
115.345
89.8973
141.628
133.312
60.6664
21.5259
100.844
70.1802
163.301
110.537
63.8638
48.0978
109.572
44.0257
11.0624
42.2606
77.9093
14.9202
68.617
53.8564
17.3516
21.0295
93.8225
121.755
32.3792
19.2075
83.2929
17.6729
62.2063
154.959
21.6114
148.675
96.1731
109.841
9.62904
62.6431
42.8105
110.417
217.008
34.6383
145.675
32.6042
40.6511
90.8116
89.4541
68.5718
21.4881
132.267
66.3757
87.6331
64.1081
77.5384
17.6446
109.629
58.1794
21.4995
18.5966
97.6555
8.48528
129.942
60.1313
72
128.895
61.9977
127.832
81.3178
116.602
142.191
7.68765
149.059
169.825
50.6123
28.4041
149.014
19.5174
140.353
66.7053
21.6114
116.875
111.146
161.965
15.4927
67.875
58.6247
30.4307
76.3306
33.1607
142.191
124.167
96.6429
60.8543
219.189
5.86306
122.976
54.1968
96.4384
19.8076
53.9671
165.971
168.632
136.091
59.0003
110.523
54.5781
61.6378
71.6404
17.2962
42.4817
68.8164
159.708
33.0026
109.465
145.218
158.78
60.1535
62.785
51.3417
43.4628
148.106
38.6194
111.431
44.4927
64.9146
38.739
118.227
142.191
73.8796
15.9809
20.7846
89.212
101.218
39.8773
178.763
12.4646
202.648
42.1442
105.047
88.9269
21.4171
14.5884
65.2103
93.8232
2
34.4219
17.8885
154.959
44.3808
77.5384
51.5993
145.218
79.4102
53.8564
38.5721
66.3047
23.1517
100.424
64.6046
54.4564
142.995
49.8156
19.3907
61.676
132.718
64.2851
108.342
20.3059
107.062
83.9461
205.239
79.0095
147.667
26.4952
48.8858
78.8932
129.942
157.727
165.45
40.9684
111.448
55.2559
113.295
17.6914
148.86
35.6272
101.836
17.8885
145.218
68.0138
36.6277
131.543
3.4641
27.2029
82.5976
27.1104
35.3468
115.761
108.778
203.651
16.9317
163.016
18.7568
135.648
47.8468
12.235
81.5939
99.592
53.1141
97.244
86.3518
115.255
45.9469
22.6717
12.0996
11.6935
83.5321
116.4
52.5777
18.2141
16.6423
161.323
151.876
181.054
74.0162
91.5508
12.9615
93.516
11.3128
163.228
95.0051
16.9706
167.619
30.6095
105.671
64.7734
142.795
138.488
95.5493
106.26
135.68
21.4995
68.2337
145.218
44.6335
83.8466
72.2537
16.1309
108.757
149.014
19.2175
20.2382
42.0041
105.523
18.8567
3.4641
148.106
12.227
87.1662
21.0666
67.3289
118.84
66.0558
166.001
59.3013
135.779
78.6409
144.283
36.1768
2
70.175
81.6721
52.1492
23.1517
107.67
51.4557
32.9609
58.1755
148.821
44.1649
56.1783
30.951
157.806
138.117
247.191
60.8671
119.228
68.35
124.751
17.3533
20.5992
35.093
5.63378
92.4759
77.1273
24.5763
107.288
88.2796
101.218
47.2942
136.969
60.7864
145.218
91.5459
54.2139
35.6976
95.6336
181.467
108.339
145.103
8.75033
15.7344
60.4641
161.851
62.6653
222.201
116.083
72.3786
62.687
29.8432
7.52412
165.971
134.695
99.5182
46.5349
54.286
16.781
17.6628
43.1638
129.942
186.812
43.7192
145.218
120.777
47.5078
90.8116
141.628
12.2744
160.314
143.491
43.997
57.8704
16.1394
148.675
169.639
169.825
55.5761
11.4867
46.6318
27.3309
62.3659
134.594
44.8768
6.9282
244.884
202.648
145.218
129.942
19.3907
90.9357
56.675
77.0988
82.2705
9.81954
16.1394
52.5165
54.9741
110.01
69.004
21.6114
124.751
123.435
77.5518
39.3513
32.2334
39.6617
47.1656
79.7011
54.2243
100.118
95.7469
118.519
134.312
47.6058
79.7358
106.633
222.784
51.1165
114.191
208.855
31.8963
118.134
66.8801
26.2216
53.4718
122.118
123.45
49.0879
217.008
27.2548
145.218
131.206
111.481
22.6474
62.9533
151.762
246.232
12.0394
115.408
67.5767
13.2238
11.9468
24.5505
61.1812
21.6114
115.761
148.86
143.864
85.3432
64.7617
52.8377
16.3707
77.1273
165.929
42.6473
19.3907
33.4393
147.954
51.8177
35.0179
40.0978
106.397
182.034
106.87
150.147
136.223
70.3105
85.8794
122.623
108.339
91.4513
72.2327
18.1555
44.5142
12.2744
188.729
18.3561
35.6105
85.3766
145.404
159.708
67.7537
55.6416
50.7188
45.1846
145.793
157.727
126.368
195.735
20.3424
100.544
92.5594
18.1677
122.936
237.229
124.494
34.2219
128.709
156.531
24.4448
35.738
80.7223
15.7951
17.7266
58.2681
99.355
148.821
19.4693
30.7224
8.38866
141.628
118.927
52.0808
110.692
112.977
12.2204
107.73
189.135
83.8009
33.6268
149.059
143.021
73.1665
159.708
97.8571
113.414
78.1297
121.621
66.796
95.9671
191.104
51.0859
7.68765
60.2559
56.675
85.3191
24.6969
18.3561
161.323
148.86
71.7415
92.4759
129.016
209.004
172.472
12.4547
20.5992
109.765
145.218
55.8292
47.2504
14.4452
134.294
144.283
5
134.695
2
58.5702
156.219
16.3592
17.4784
122.941
21.4995
148.86
40.627
68.8585
104.934
149.014
132.882
7.40724
56.605
77.2599
107.699
53.6046
48.3603
165.45
15.0714
154.959
174.93
88.5526
19.2044
145.731
23.1517
56.3108
91.5927
99.8062
123.276
49.4826
145.218
255.097
61.1363
86.4492
157.727
10.8158
54.1611
25.0424
101.031
22.6916
135.68
12.0159
22.7386
53.8961
86.3684
46.9102
136.6
12.1545
85.6211
28.9607
120.57
38.2842
65.881
97.9157
76.2447
12.5303
8.61122
87.4328
232.772
113.438
66.0263
20.5992
142.191
29.2709
28.185
166.576
27.5735
148.821
106.673
126.243
66.012
182.584
93.256
156.87
79.4803
62.9701
118.292
16.403
202.648
20.3267
22.7243
74.731
142.191
36.8894
65.8138
66.3757
99.9025
139.813
55.1705
66.0173
46.9391
201.272
111.431
28.269
159.708
61.5104
90.8835
10.0908
215.705
110.455
55.1723
15.0997
56.3794
10.583
148.821
83.0241
176.723
15.895
123.916
23.1517
96.8466
12.49
140.704
9.79208
41.3264
50.7984
61.4898
156.87
141.628
19.2548
159.708
38.7379
92.061
34.4988
156.568
11.5079
39.3424
30.1426
14.4452
128.895
43.3973
49.7388
106.334
192.073
101.795
132.267
41.2707
15.4303
43.7651
102.815
96.1731
142.11
119.228
253.407
73.5709
18.3371
71.6629
94.7256
161.03
118.634
148.106
139.995
180.734
20.5761
80.924
84.8022
7.48331
113.32
52.9255
149.014
57.199
100.605
77.4016
44.3584
50.9434
156.531
129.03
90.8836
117.859
85.7975
63.5885
159.708
80.6035
34.8426
81.3178
169.825
111.186
7.00152
53.6064
92.882
127.384
151.696
157.727
88.0955
107.46
68.6967
40.3556
18.9999
123.21
