4.89898
13.7177
49.9864
9.3928
4.89898
26.7487
33.7496
30.4925
16.6648
14.3926
10.099
4.40631
14.1688
11.1059
3.4641
49.9864
21.7966
23.44
60.4946
28.5923
35.3543
14.9744
21.3051
25.4458
23.949
16.7276
35.2286
50.2151
11.8351
8.70551
25.2473
35.3381
33.1561
24.3177
14.5314
35.438
40.7359
41.9325
16.2346
18.944
24.1455
7.44776
49.9864
48.5699
26.6232
3.4641
26.1683
47.5604
66.8056
27.8686
4.47214
33.1255
35.7984
4.47214
57.8236
36.9285
54.1836
8.21679
47.0192
4.65553
10.3923
19.151
47.4119
6
7.74597
23.0419
16.2934
5.99742
13.37
9.3928
23.6148
4.13949
11.6651
15.4605
12.7104
8.88129
38.2439
23.9638
17.3622
28.5736
25.2743
10.4079
4.47214
11.0959
46.8136
12.5802
45.563
23.642
10.4485
47.5212
21.4847
29.5359
4.13949
5.48908
17.7599
33.1255
6.59094
22.236
6.79088
38.9259
56.9677
4.89898
4.88687
46.8613
1
12.1764
41.1766
52.9106
32.5217
23.4926
7.28662
11.0224
31.983
20.9872
76.2471
50.2151
7.19072
14.6676
10.2028
2
15.0543
8.48528
11.1059
60.1775
30.3783
4.13949
49.3595
4.47214
42.0872
14.6969
38.3839
15.5927
11
25.8003
19.6787
24.4765
14.6694
7.99214
33.6057
26.7698
7.19072
24.9574
50.2151
14.3209
35.7984
4.52987
65.6027
38.3839
8.08804
8.94427
34.861
28.9399
45.7171
24.1159
6.59094
27.8507
29.4325
20.1442
