73.3137
58.8951
83.2418
20.2549
51.9119
12.0581
43.7105
3.4641
95.7672
66.633
61.3107
65.2866
43.062
49.05
80.7331
53.5734
48.0099
28.0945
55.4558
76.612
72.6084
103.313
9.09054
70.4985
59.0389
95.7672
9.59166
3.4641
16.9571
153.817
84.776
71.7733
126.659
69.371
46.5332
25.3926
10.5655
72.2998
9.61952
75.5075
24.2538
112.749
33.6185
15.9992
9.77297
50.8762
65.2351
46.1339
76.8109
115.654
54.7699
49.9
51.1438
19.9717
11.8241
59.6331
82.0668
12.5922
6.44742
45.053
7.3563
10.0576
96.7654
14.9555
24.0936
98.5844
44.1883
56.9818
74.4454
6.52146
14.2448
30.2212
39.4046
49.0005
28.3624
12.49
6.9282
94.8836
64.5458
6
32.7253
12.1655
73.3137
63.4917
101.435
10.0576
51.1926
63.9031
9.96696
16.8837
29.7682
18.3303
70.9445
29.2947
62.4792
105.434
25.4699
50.8827
8.94427
43.34
106.884
48.5286
27.8138
63.8186
39.613
61.1434
69.0135
30.9278
11.597
53.0741
35.6246
32.5469
46.88
61.1437
15.8318
49.0118
62.5811
33.0667
17.6238
41.0063
74.6133
44.6069
25.7191
64.2084
74.8689
105.368
36.7569
82.7138
88.25
31.0099
72.6557
114.933
26.8543
140.005
68.1015
81.8688
14.9666
30.1678
46.1035
52.2417
72.1735
57.5593
115.53
7.74597
77.4855
85.8056
104.245
45.2415
62.9193
101.435
56.0051
6.89577
77.6884
8.98653
80.4596
18.1651
99.5347
30.0749
94.8624
71.7511
81.8688
60.7504
12.5248
51.7172
58.7088
14.2448
96.1976
17.4095
4.61248
94.7811
65.3505
64.4217
94.8624
32.5803
9.97065
95.7672
46.6859
98.0221
80.7331
83.3137
28.1322
11.5228
14.1106
53.9705
96.7654
95.7221
113.97
44.2356
85.2014
55.0334
15.625
33.6039
16.7771
25.1535
61.706
22.1672
64.4389
76.3734
42.1997
72.9628
31.144
65.5427
37.4518
103.153
82.2594
35.9934
66.6822
77.4585
75.5249
53.5508
25.4226
22.8276
12.9449
94.7811
74.8689
27.4889
62.2406
31.2599
108.308
87.4059
5.00861
71.6894
15.2376
19.0493
8.75976
18.6239
31.023
112.749
73.3137
55.7398
54.326
59.3972
84.2247
132.613
94.0119
25.0514
73.9388
68.7522
32.4629
28.584
95.7672
9.50115
55.4643
6.32456
113.97
37.9438
47.6571
78.2023
88.25
30
16.3715
56.9312
21.2575
68.2974
47.0749
15.7087
25.771
31.9737
41.708
71.961
88.554
24.1246
40.6466
54.1896
46.9487
49.1822
85.0113
96.1976
81.2343
125.71
16.6832
56.7982
11.57
4.47214
67.0244
35.501
89.5483
93.4794
30.1073
6.12554
50.6338
95.7672
84.776
62.2256
32.3381
89.1575
21.4259
99.3813
12.7879
21.3288
22.9201
16.9179
37.1927
46.8997
10.5801
11.5228
26.8328
96.1976
25.2124
53.732
29.7199
33.1266
37.1341
45.568
103.213
46.88
24.0609
99.3538
70.7071
31.7436
48.8339
111.019
59.598
7.00294
44.668
7.88181
56.7631
37.051
69.4637
80.7331
15.2376
58.7495
140.77
11.5353
88.2089
18.5926
80.0498
62.4047
29.0424
7.2111
7.48331
112.749
6.87938
27.0628
24.7911
67.7589
27.5517
109.224
44.3526
65.4651
41.2072
95.7672
59.598
11.5353
69.8786
28.132
11.8241
122.027
53.0427
8.82845
7.3563
28.6112
