151.093
84.4742
132.177
72.3668
78.9754
83.9075
182.457
185.211
145.28
95.6913
81.4947
160.632
80.6581
100.333
172.304
220.885
64.8448
43.0223
179.228
158.28
111.359
70.0494
56.5753
96.6455
139.536
151.08
173.85
93.6979
124.069
51.7679
241.48
130.702
216.783
90.0857
251.758
237.194
27.1948
100.039
161.328
19.2931
102.484
241.29
78.3125
131.811
79.8347
121.624
234.571
64.8453
38.0132
206.77
167.679
87.4153
202.392
82.0043
98.2555
156.821
181.148
104.949
157.861
111.289
130.12
120.285
131.842
248.298
80.1014
232.666
222.036
92.1058
138.429
145.939
36.046
240.453
110.814
28.662
207.511
104.451
108.86
182.989
174.585
234.962
87.7542
62.0742
179.511
56.0506
49.6452
112.844
120.713
156.745
87.4122
159.458
37.6911
101.828
77.7535
86.5439
150.003
151.238
105.135
173.547
77.0563
179.08
61.4074
128.547
200.736
166.672
137.868
122.697
122.847
165.413
181.823
65.2133
229.77
80.5931
175.199
62.6255
204.541
210.722
79.7563
77.9733
203.086
98.9231
113.18
223.174
110.963
251.936
80.2421
161.522
125.458
233.652
179.752
144.292
80.1423
161.401
119.956
96.7893
66.0478
196.617
186.501
205.981
185.367
228.446
162.877
145.602
171.679
144.148
84.1905
30.416
78.4338
203.383
86.8777
153.624
141.96
140.197
173.556
116.27
125.461
157.68
169.345
115.806
169.759
76.3338
109.657
160.592
217.994
191.287
129.048
114.668
112.543
170.489
185.211
95.5445
120.755
184.097
180.789
151.126
33.7872
119.64
224.007
53.5785
174.523
284.469
159.458
116.637
164.896
180.111
169.648
115.615
130.364
184.261
121.597
98.1113
194.743
79.7627
152.032
115.849
116.891
198.561
169.907
126.956
97.811
114.699
169.902
97.5607
131.602
114.818
150.765
138.769
237.196
174.585
126.46
35.2774
174.007
185.211
193.987
173.939
186.284
60.0541
164.619
107.261
179.577
55.7194
128.676
36.7873
113.166
18.6983
170.893
251.441
118.781
124.848
78.3954
145.602
101.58
115.022
223.077
93.1251
234.232
74.2016
246.738
128.344
238.571
136.22
194.532
113.083
94.5075
206.666
185.211
69.5738
136.183
99.4443
104.628
202.857
93.7488
156.274
218.365
192.589
97.678
147.714
192.903
16.5372
223.374
291.119
137.419
157.731
150.666
134.782
136.207
115.497
23.5577
42.0531
136.709
118.246
107.841
186.964
43.5159
39.0607
140.113
159.424
119.118
80.3656
186.501
159.337
174.585
240.311
228.093
281.775
305.247
29.3274
172.794
192.667
183.529
175.066
81.9518
227.388
34.9159
126.966
179.228
175.731
84.962
193.821
146.567
185.211
236.176
127.387
128.062
154.223
189.191
114.86
50.4932
147.041
234.162
189.191
139.581
175.202
153.97
121.1
159.458
86.5576
238.196
137.46
190.286
210.706
146.567
229.149
108.724
157.448
33.5143
158.259
83.4125
126.368
136.482
190.908
246.17
145.633
164.174
233.004
159.458
36.4236
16.0025
106.195
143.493
68.8442
127.048
145.883
47.8875
216.584
23.8501
94.8715
72.9961
95.041
159.545
92.5099
194.548
89.1043
154.492
89.1073
214.076
175.144
42.224
229.324
102.806
130.908
141.545
137.149
21.7541
196.543
151.019
161.715
110.59
149.343
69.0497
255.749
156.378
76.6398
31.3563
250.703
274.39
172.946
48.3637
80.0187
129.919
198.646
178.653
165.34
4.9961
119.155
136.629
64.1456
278.566
90.8547
136.825
197.491
114.387
78.9286
114.819
138.131
116.02
157.153
102.206
72.078
141.8
154.602
132.751
185.211
175.449
13.6749
173.896
268.893
219.594
95.5089
100.073
190.327
193.291
197.801
173.034
142.091
185.211
211.024
237.829
91.8337
194.854
133.33
99.505
88.1431
153.035
97.1391
209.49
14.3838
247.228
224.715
91.0917
27.7243
201.658
229.461
70.3879
125.783
247.98
184.59
189.16
70.0711
22.1712
283.29
220.089
123.667
94.8366
158.201
194.139
107.649
101.806
168.78
217.528
175.447
71.3321
9.01932
169.016
145.706
107.26
175.659
23.4057
211.489
209.48
210.727
173.106
28.4968
123.397
118.444
101.326
163.827
138.984
151.53
167.186
84.1639
239.37
87.3562
109.819
144.78
146.455
178.123
52.4391
177.015
137.587
13.7374
190.327
118.007
202.893
206.589
177.783
85.2546
17.7203
57.6057
114.858
42.4755
130.567
93.1872
176.467
21.7044
66.119
290.255
119.74
111.533
62.8544
119.442
219.571
127.898
55.7163
93.1451
67.6336
130.35
117.308
5.28947
79.7747
175.336
98.3798
195.137
163.365
114.613
49.2929
127.575
186.481
89.487
286.072
158.658
155.813
84.0591
150.645
77.9916
137.595
162.547
116.091
282.461
95.5249
84.4048
93.1517
86.0016
131.801
139.653
142.334
56.8537
135.097
30.7896
195.398
102.77
167.03
66.2999
42.6358
91.5341
58.5144
220.312
66.898
192.772
106.56
179.21
122.076
126.548
243.333
134.354
185.211
86.9637
199.972
216.021
154.051
20.1515
168.255
146.321
82.5026
80.8658
141.23
156.131
43.1573
150.882
88.4673
127.687
157.362
123.727
166.483
74.1205
85.4929
44.7106
194.41
185.816
101.965
149.348
168.961
141.928
210.769
147.055
160.009
131.895
120.613
141.951
