52.6823
103.344
83.7512
138.785
26.5427
69.4305
14.7239
95.398
55.5255
4.47214
43.3302
104.07
71.8491
83.2333
55.2235
47.2558
61.5108
67.3046
102.492
74.6602
54.7409
57.7335
60.3303
94.1393
76.5303
83.7512
119.373
27.577
98.0554
44.2974
104.07
81.5303
67.4849
17.7404
11.6619
6
22.9655
204.837
83.2333
106.214
127.238
59.4312
101.737
161.424
84.1964
67.5594
4.89898
28.4515
119.062
11.9271
97.7852
12.0839
106.428
27.9391
131.623
37.8492
25.5638
12.0871
53.0985
89.4059
58.6822
92.3857
144.009
67.3244
61.9831
55.8408
58.8586
24.3301
12.9669
130.294
85.4232
12.896
6.9282
68.7714
11.6335
183.28
14.5414
12.3288
16.6325
64.8959
136.373
51.1
68.3858
90.8114
108.986
63.0124
55.8702
122.079
47.0394
106.214
81.6907
97.7673
83.6618
16.1245
7.48331
109.87
135.456
76.5606
20.0878
40.5618
14.4222
103.344
79.3719
83.8169
20.4202
56.1809
73.3138
104.07
86.6023
59.1154
16.9561
40.7651
118.992
81.3041
76.603
96.5162
104.681
81.3041
121.531
26.6456
83.6618
54.1813
10.583
73.1764
45.8216
120.438
79.6049
51.7387
141.916
69.6372
92.0744
76.0485
88.2066
75.005
36.2938
11.597
93.7462
40.0643
35.4259
67.8487
74.9062
16.6141
55.741
94.8155
110.679
108.355
25.372
76.1677
106.129
58.8497
9.87818
68.3983
81.8099
129.115
88.4079
103.235
79.0785
52.9181
97.695
113.926
37.2551
127.202
141.958
30.6896
104.07
183.43
80.4148
103.78
63.173
33.1458
61.6876
66.7059
101.642
68.9301
61.4559
138.88
10.198
104.972
97.2029
123.1
72.4373
84.0047
124.379
58.7027
7.0744
108.414
11.7632
9.90804
119.437
21.2308
101.351
19.4799
123.459
30.87
108.503
95.5291
103.78
72.178
15.1359
114.407
47.8917
89.9999
28.7431
34.6384
124.035
122.079
103.344
17.9268
98.0421
40.601
72.681
82.3187
71.0684
79.108
108.503
35.1907
124.379
17.2413
104.07
60.3205
57.4025
93.516
46.8264
104.07
114.595
39.2262
40.5461
14.6798
60.2802
142.059
148.087
64.3219
143.279
51.8775
126.315
69.3301
16.7382
42.1795
22.3267
34.3119
28.2656
104.89
26.2733
70.1149
102.015
143.776
79.2602
92.9599
40.1995
84.115
50.6547
139.343
104.835
41.5901
114.62
131.006
76.1637
121.897
91.7113
65.2931
36.5987
82.1448
92.4726
35.691
127.238
88.4079
30.8797
60.7028
36.2337
140.118
124.921
6.83792
77.3939
25.3785
21.0049
48.4215
9.9313
35.0203
1.75477
36.8166
131.623
16.0189
43.0133
103.344
68.1397
60.5684
100.564
101.691
46.3379
101.992
173.986
133.004
32.1069
83.3533
27.3394
11.3179
96.0358
83.6618
46.9674
83.6618
52.966
33.1469
104.07
11.1623
67.4555
14.4466
54.1898
94.6157
8.94427
143.279
42.5093
33.5736
58.5553
96.0358
82.4361
106.214
41.7188
113.926
18.304
67.86
27.2501
97.1372
68.9983
20.0704
29.7362
37.6529
52.7217
140.336
96.2182
9.90773
101.164
51.8817
29.6634
48.5954
71.1888
64.4755
69.6372
101.583
122.079
121.9
153.32
19.4873
69.6556
12.6806
5.2915
82.782
84.0713
118.653
13.7104
107.537
30.1073
6.19344
132.315
14.7997
131.966
65.8547
104.07
97.816
104.856
150.494
33.2893
15.3438
21.9664
52.8448
109.87
49.8087
55.7942
48.4839
12.7723
84.7379
26.8328
151.538
52.6662
88.7116
66.5026
71.6665
43.871
6.32377
45.9144
57.6741
50.602
59.5611
148.632
77.8412
24.8972
148.249
101.555
31.9811
66.667
168.563
84.8459
7.00294
113.002
33.6895
92.2798
49.005
34.3258
127.238
80.0107
102.492
102.835
82.5119
165.201
13.1095
118.456
19.572
22.1664
10.5317
116.235
16.1709
124.549
97.8142
9.38083
43.8528
131.623
8.58655
52.5675
101.898
112.864
24.7911
91.7778
70.1432
15.4139
151.526
68.94
73.9827
65.1038
104.07
84.8459
100.92
13.1095
86.9893
104.256
27.3836
122.079
144.702
81.2061
9.2549
12.2019
11.6335
44.4785
