56.6375
5.29207
26.0287
38.6573
52.157
48.808
48.6228
33.7636
14.3445
73.7863
48.6228
17.2462
69.9318
20.8302
41.9241
55.3913
70.3337
66.4924
41.5455
59.8707
34.961
23.9126
21.5382
24.731
42.8795
18.886
50.0579
10.402
63.0507
62.727
9.17703
51.2637
37.2727
23.6475
55.5518
41.306
30.1936
7.56572
24.7775
57.2346
43.4676
11.5194
54.0654
87.016
22.3215
39.4919
89.3158
47.8852
53.8794
68.894
48.3934
50.555
52.3056
10.1808
28.4652
35.8314
53.5601
18.8669
63.6578
46.3352
69.7419
8.48955
24.2351
33.3791
25.7658
21.0938
34.6809
17.8585
63.0884
43.5105
22.0744
18.4391
14.2829
9.47627
30.4087
30.706
44.2381
38.7662
30.0812
33.6416
12.49
5.75388
19.2457
57.8374
21.3867
42.5346
57.4851
47.0265
19.7051
39.1459
30.1018
63.7913
39.8121
33.8547
20.7349
58.5349
71.3781
36.911
27.6546
46.1835
55.3913
26.2475
22.2667
26.4077
29.5665
51.3036
41.9881
64.7803
73.1589
34.1205
58.6343
11.9158
6.67194
58.6343
50.3923
25.2129
62.3395
24.9431
7.74597
30.6776
6.94239
19.1939
80.3469
46.2913
67.1739
73.7863
74.7155
69.9254
35.9206
30.6245
59.0218
37.7502
99.2252
65.8967
74.2887
12.7302
14.832
54.3944
5.2915
64.265
52.7906
23.5766
35.4173
57.8524
14.3106
39.4673
28.7046
7.66132
50.8555
68.6907
18.3175
8.60138
8.48955
50.7836
7.24743
34.1714
58.3431
8.48528
12.0852
44.1365
4.17807
36.6891
69.9254
34.8561
13.2982
22.3189
55.6503
52.5301
73.7863
78.3511
23.9584
13.3351
93.423
45.6052
93.0011
7.35254
50.6476
31.3454
42.9819
39.1019
60.279
7.48331
20.8694
26.5929
6.67181
46.7517
43.4676
32.6161
33.7212
49.1246
24.2034
24.5014
36.7173
17.1528
41.0289
54.0857
54.1465
23.5228
27.8542
50.7836
21.9984
7.2111
41.4155
50.2334
