19.2503
2
12.0602
15.2439
26.1265
8.44418
15.7248
14.8017
3
4.47214
4
6.32456
18.3364
26.8088
24.4432
5.97093
11.0814
14.4251
25.3994
7.42541
2
5.37798
19.0637
16.2746
22.4688
18.6479
16.4719
19.5046
18.6752
28.278
5.24148
16.0034
20.7827
23.2259
16.6555
5.2915
19.2403
16.5364
9.71696
17.2852
27.3228
8.48528
7.65542
17.6066
7.42541
32.9393
1
15.4892
4
16.2616
23.2468
4.47214
19.0637
5.90102
7.13479
12.9723
14.0191
23.1157
14.5935
16.7025
9.51278
14.4739
24.9829
16.9389
14.0469
25.891
6.32456
1
10.2209
