4.89898
74.3146
76.7411
25.1074
28.1448
95.0674
12.1333
33.8422
12.5648
41.4406
50.6992
38.8351
73.5937
70.8773
17.6362
33.5464
23.9165
87.8564
71.2224
11.0522
47.4387
27.9167
70.0395
11.6771
14.9977
19.0531
41.2444
47.0975
35.5745
14.7757
3.4641
95.0674
39.7391
83.3649
56.5535
38.4191
81.6283
37.7118
53.3105
56.6256
72.0932
47.2783
31.4633
52.8244
14.5494
60.715
84.9691
41.2726
15.627
20.2568
70.8211
47.2631
35.7729
12.0913
49.0407
44.5984
60.7692
31.3683
49.6166
68.5636
8.72907
65.8406
69.5776
83.3649
74.4318
50.9636
45.5593
38.1829
58.5372
20.1992
53.8244
23.5197
95.0674
84.6984
9.59166
75.5413
3.4641
57.3063
116.998
112.366
43.3513
10.9908
4.47214
61.0939
30.2457
87.685
31.2658
60.35
107.929
68.4909
61.9967
35.3329
9.98619
54.7623
89.0452
85.7262
17.3269
62.1856
85.2994
77.7101
42.9075
96.45
14.4452
44.1328
8.7629
83.3649
68.568
46.5364
24.1185
71.8237
9.98931
63.1737
64.0661
52.2145
11.1367
22.0408
10.2696
78.3482
15.5903
39.5031
13.2665
11.2577
25.9826
9.02245
100.67
39.3797
32.0701
13.5717
12.1333
46.8159
59.0055
68.5421
57.9033
44.6255
48.6477
81.0574
62.0567
48.0469
24.6498
23.4157
89.3327
42.2349
17.7831
25.5725
7.2111
55.643
27.5264
46.0623
19.8345
70.6235
10.4045
17.6022
84.8951
32.5634
42.8458
79.5032
10.7703
35.5745
25.5338
21.1425
82.722
73.3968
92.8354
48.4234
8.60153
63.7675
67.1655
11.1651
51.5511
21.329
5.77676
3.4641
67.1277
27.2005
40.8811
7.064
39.6048
9.66074
73.5937
94.5747
56.7472
6.41565
8.57126
47.9761
41.1713
93.7466
74.9208
3.41279
22.7197
7.25169
77.2858
15.7372
105.712
57.544
48.1523
14.6188
43.8821
30.9283
64.6493
9.83085
8.12217
6.34239
59.3609
13.9082
25.8661
2
38.3135
70.8211
27.155
14.6188
55.9607
27.2123
123.314
84.9691
67.0347
10.3915
63.5236
11.1651
45.4849
46.9443
12.1291
60.4143
27.1513
6
39.8003
47.8803
11.4891
54.961
6.9282
6.32456
100.67
2
73.8234
68.7201
94.6974
22.1956
13.9082
83.0746
5.2915
26.2944
20.6565
10.7703
66.9362
55.0355
56.6244
23.0412
101.93
9.66074
62.7172
3.99884
29.6182
43.4105
78.5376
61.8751
57.3525
52.0186
55.1535
9.13729
15.7898
25.4033
34.0213
16.2481
83.3649
56.7472
38.7808
10.3915
57.2227
84.9691
32.288
73.4483
25.2582
10.2896
15.7279
88.07
5.92353
93.1863
83.3649
23.3606
10.3853
66.9362
49.9618
36.979
8.94427
83.3649
8.22322
35.6554
86.0079
42.4183
27.7314
14.4452
42.4793
86.8304
7.064
61.7176
70.8211
