31.6584
70.2057
51.8746
34.6657
41.7245
22.9706
61.7379
21.7768
45.1267
30.1419
49.0772
38.2656
37.0649
46.2238
2
13.6487
30.5291
31.8528
33.9989
65.7117
12.2958
12.3596
10.9332
27.5961
28.9801
40.088
19.4661
35.5195
12.6849
40.1272
30.9284
10
16.5525
44.932
30.1935
45.0194
55.3289
50.2861
42.3176
35.3194
24.3727
15.4919
3.89322
33.1154
33.0738
56.5852
10.7266
41.3458
34.9702
23.3352
8.79591
39.1599
60.2544
36.8642
37.2265
35.5478
23.9352
14
13.6487
55.4457
37.4748
14.6939
28.2915
7.27724
10.929
35.5195
66.2946
20.0946
37.0506
2
26.9563
53.1959
53.1746
18.3973
36.546
10.8161
14.365
37.3149
22.3505
52.9058
20.061
11.103
6
20.7613
13.57
55.2642
35.9922
36.825
29.1371
65.846
3.4641
10.3733
7.74597
23.5647
39.7537
64.7164
23.1782
12.092
28.2348
18.7676
12.0454
75.6528
32.1876
55.2083
25.8706
50.2861
47.1236
13.9643
10.3733
9.91716
23.3135
25.8683
7.74597
22.6943
2
29.3293
39.3801
50.108
7.55493
3.89322
7.84934
27.4943
6
55.7835
34.9702
33.0737
17.3205
39.1862
24.4814
18.1859
71.9775
14.8324
37.9121
15.9955
55.8773
47.3753
31.2351
52.2879
25.5581
32.0053
45.7004
64.1108
27.1839
29.3097
25.7974
61.4972
45.9134
