72.0937
34.8143
42.5377
169.158
142.404
32.7339
81.5552
69.0409
174.018
86.0169
77.9065
183.376
39.9828
180.515
24.1108
67.0984
52.1417
62.6145
129.686
49.4978
68.5976
129.419
97.254
112.018
69.4882
134.655
71.2266
208.174
159.859
95.1047
19.0389
75.5674
83.2142
113.389
111.508
195.564
15.2813
169.044
140.81
126.396
51.4925
101.242
106.685
130.807
94.7643
111.153
112.414
166.328
135.928
115.397
132.657
63.4526
67.8779
207.013
51.8092
13.9687
136.002
95.0685
21.824
161.798
173.063
87.9213
68.7903
162.819
73.4834
66.3228
138.025
207.518
169.156
36.7811
122.4
81.0422
40.4235
14.334
71.6025
129.122
78.2466
46.549
110.476
191.889
117.38
134.156
143.701
90.0856
138.468
145.567
89.4204
119.587
100.989
91.1994
181.451
90.7631
147.655
64.3663
122.432
40.8177
55.251
36.5775
144.468
211.452
21.6643
82.8618
133.431
141.827
121.852
94.0217
72.2405
159.947
184.833
150.53
131.46
131.288
166.72
141.426
172.324
70.3849
55.4171
69.9189
41.441
146.346
70
94.5658
75.1101
190.364
94.1481
83.8577
142.404
171.05
70.9098
67.7611
73.7431
130.172
150.342
79.7992
157.992
20.8082
139.028
146.387
205.243
214.726
147.655
80.5662
122.236
83.0283
129.062
54.1189
112.603
104.368
63.7155
167.85
118.336
81.5012
59.1496
154.644
105.58
58.2814
95.4687
89.6724
117.378
121.689
109.103
68.0605
159.068
95.998
20.5964
179.372
168.6
190.828
114.272
130.315
91.1565
94.6164
122.087
15.367
30.9746
132.978
110.902
31.8153
16.381
73.4366
142.404
212.812
116.087
60.217
55.615
90.7638
74.5607
79.3395
98.9948
138.716
142.595
48.8083
183.048
158.554
26.7063
129.558
146.824
71.0618
138.239
91.6004
59.1223
102.417
77.0943
76.3251
176.002
59.2715
89.733
116.959
14.9717
63.963
221.276
66.3228
117.029
135.441
43.5652
90.2275
91.2556
60.4769
95.7603
87.5737
69.0866
107.829
86.7279
100.082
161.798
187.305
220.932
106.625
231.452
92.555
167.619
70.8775
111.843
140.912
12.1366
111.785
100.036
80.9466
135.898
133.426
117.159
91.4405
77.7377
166.403
168.737
98.4842
113.307
165.043
78.4075
30.644
142.72
236.59
82.4091
82.7719
81.0257
179.173
119.226
45.6701
79.2021
147.655
120.051
113.045
178.96
141.328
155.191
108.795
199.278
92.954
123.489
24.2693
17.9029
138.329
190.774
201.496
132.033
147.655
16.2336
94.7087
105.541
31.0556
31.1388
42.5645
109.431
16.3697
134.171
74.2061
71.1168
101.033
122.297
114.167
92.4548
95.8923
134.974
119.283
117.676
148.932
90.2503
104.111
111.433
161.533
105.564
26.7327
181.368
21.643
26.3445
226.754
204.566
94.611
128.46
135.942
97.1315
42.2362
65.634
98.2543
139.931
67.7982
196.112
86.2398
80.7948
79.9545
164.197
155.425
66.9608
108.457
39.7787
165.394
79.2088
17.3255
104.61
96.8154
82.0374
142.404
170.746
146.241
226.052
202.824
93.8273
97.3853
116.417
91.5922
106.8
142.404
112.236
181.826
118.681
103.538
65.3079
19.4603
95.5455
87.6523
134.348
18.2312
157.841
55.9369
125.126
202.34
151.02
124.816
52.9252
21.5157
154.469
93.2988
93.1925
153.857
117.698
92.0494
120.214
118.628
130.774
133.199
74.8235
122.827
139.589
23.4504
162.842
60.0595
105.316
133.446
27.4955
159.564
74.1828
87.2588
36.51
142.407
109.977
110.107
146.015
131.771
82.3403
137.768
115.662
107.649
140.127
147.565
87.0696
11.2997
127.107
96.507
169.292
148.87
147.882
126.145
15.4326
61.7661
130.322
89.5106
123.586
18.9342
21.8431
187.716
153.585
55.9397
108.029
164.43
41.4729
100.22
48.9991
68.3284
97.8974
87.2012
68.2683
55.077
125.438
82.1049
170.131
133.568
24.7194
136.998
72.6786
141.426
197.369
146.346
137.964
155.958
67.805
125.935
85.4264
221.812
89.0024
55.3795
103.081
17.9677
115.868
125.214
62.3219
21.7387
53.8066
64.5835
150.879
146.346
160.715
117.698
84.231
123.991
44.9735
114.847
99.9277
120.311
175.517
132.567
107.704
121.955
35.6988
58.3373
97.491
32.792
94.7429
97.7252
139.07
112.102
184.1
96.1865
47.6399
116.823
123.129
64.6484
133.386
116.992
112.555
59.1966
119.523
