11.175
20.6229
8.20079
26.7538
4
7.11569
2
7.46489
10.3923
21.9948
12.3247
2
6.32456
13.898
14.7957
13.751
10.798
5.9814
6
19.1141
11.7693
6.9282
25.5233
14.9666
20.0221
6.80295
10.3923
8.51233
22.7159
14.1653
9.56466
30.1727
5.00413
5.00413
2
3.4641
21.9948
23.2907
3.4641
9.89272
12.4088
25.5522
22.3342
9.17151
16.6014
12.4088
21.7938
27.1821
16.0364
17.36
14.1233
6.95268
17.8359
22.8445
23.5037
3.4641
7.11569
20.5051
13.0372
20.5998
25.8671
25.4456
23.5807
15.4284
20.6229
12.746
11.1904
14.2701
29.7506
15.565
8.39224
4.03379
