70.2789
71.6596
41.2041
58.1351
44.9529
57.3914
75.1654
87.5351
89.185
8.31908
76.1661
44.1104
111.017
84.6584
11.6893
10.78
97.2928
67.7157
98.0163
102.621
112.686
92.8164
67.195
96.4525
68.9201
53.7631
58.4371
22.0437
96.3136
4.33513
29.4727
31.1769
25.3822
39.582
42.9616
58.5133
77.7861
80.1136
49.8138
40.971
71.5352
72.3242
61.345
16.6266
27.9573
42.035
24.8976
32.7291
9.8896
83.4556
41.2282
31.7002
84.4815
84.6584
40.5765
36.6549
28.1412
66.3391
82.3175
14.7405
45.1937
97.9491
36.6892
29.8598
23.9207
28.4923
53.5731
56.5909
68.9179
25.8018
28.6639
84.1502
28.6639
94.5676
126.996
43.1313
26.4743
58.3529
82.4518
38.931
71.034
81.9943
44.0934
75.8768
56.8512
30.2286
51.8721
54.1036
67.2936
40.9158
74.306
40.028
71.0954
62.1328
90.9984
47.347
76.1734
12.653
31.0397
42.4134
6.5631
101.564
69.1565
70.8545
18.5569
81.2805
56.6931
60.1249
58.7673
77.3497
76.0534
31.3185
58.3529
54.0971
20.7958
88.0711
33.8198
113.014
107.568
12.1644
79.3495
7.59702
79.1061
40.7402
69.965
20.4196
18.0723
41.9439
15.8719
16.7346
104.667
68.0173
36.0889
69.2536
30.6423
59.7792
79.1817
47.4007
48.864
69.6358
15.9748
35.2148
70.6985
36.6892
13.9945
88.9487
61.4011
14.4672
102.86
40.1574
66.7961
77.9568
25.3212
54.9909
58.4356
88.3111
58.1351
37.6851
25.1506
50.0303
11.5486
64.6601
81.9113
22.2479
13.8954
70.7676
64.7351
62.1857
96.1988
39.8065
69.3564
50.4393
50.9354
64.1713
40.36
88.9055
69.5653
55.6958
66.9191
101.799
8.57645
52.6911
82.0181
40.2368
42.7307
70.5483
29.561
84.0054
32.6292
76.3846
5.2915
95.0471
16.423
59.8047
59.3616
79.0503
61.1009
50.8369
8.02094
42.7694
67.7607
58.2492
61.7816
50.471
28.6639
114.888
80.0025
69.4945
51.5349
69.4945
100.529
21.0634
56.4452
9.91549
101.921
61.6795
71.8693
34.9857
42.5884
83.4558
103.898
62.1328
61.1237
81.8796
57.1687
23.4552
104.781
59.223
119.817
50.021
102.147
11.1839
33.9471
8.7178
73.4802
12.9473
62.4531
59.3616
53.4633
107.775
103.591
40.9061
41.5771
25.385
18.5866
15.9676
25.492
86.6338
88.0506
76.0534
54.8306
104.493
78.8412
12.8855
66.0677
48.9598
105.127
120.25
66.8805
23.0576
51.7348
27.4122
90.3206
26.2663
34.1251
97.2928
