40.2867
18.725
11.2577
19.326
11.6152
29.2206
21.7337
4.13952
40.5041
18.3251
29.9601
3.4641
40.5041
16.4635
8.18507
6.56118
22.5252
33.8966
64.4519
22.737
33.7382
22.5807
10.286
2.82843
2.46023
8.94427
12.8031
15.5205
15.5757
65.183
12.1627
4.16017
65.183
27.2213
14.8268
28.3108
33.8966
6.27809
33.5676
3.41279
38.9597
36.6056
24.2793
36.6999
30.2928
40.7838
27.1863
10.8429
35.4676
17.2298
18.9292
6.32456
7.73889
26.8665
11.715
4.64899
33.8966
37.0588
8.2306
16.1126
12
59.2673
16.2256
8.33625
42.6493
9.94405
23.7362
8.41638
17.6942
25.5047
16.0718
8.53459
23.3504
18.569
10.214
7.8458
26.8665
9.94405
24.979
18.1809
43.3166
12.1627
8.45897
11.9242
40.7838
23.3563
16.7045
42.1118
7.94805
41.7232
12.9615
20.7701
49.122
25.9822
28.412
10.6529
5.00448
17.2594
50.1991
32.1274
25.0509
11.9371
11.4826
3.36359
9.49009
48.2237
8.63269
21.9666
15.4913
7.8458
8.73315
54.1868
8.7054
11.6385
11.7831
23.7432
14.3336
33.6496
16.5562
6.61582
37.2713
11.342
7.74597
9.74449
12.7236
28.0493
16.1136
24.3664
6.5631
45.267
52.9329
15.3267
17.6524
12.6491
49.6294
50.1991
43.9886
2
11.2577
57.846
18.8414
2
4.24415
11.6036
8.44579
18.6652
41.1078
43.7745
16.0436
2
13.6856
36.6332
6.25286
40.8768
11.0406
22.915
7.74597
24.6124
