141.406
97.802
118.417
61.2779
141.696
75.7738
59.1141
121.9
58.1965
152.569
91.3227
93.0528
90.6958
43.354
124.537
123.084
119.235
100.948
97.462
90.4493
153.344
93.2514
17.6067
142.023
41.4323
27.3808
87.4446
77.584
54.9542
129.589
113.712
66.0405
123.255
148.767
92.4598
164.252
48.2993
123.379
121.29
122.328
127.883
34.65
147.037
63.7198
151.01
13.4164
97.8555
73.6935
153.194
16.5258
105.604
189.71
81.6647
138.598
52.2
22.6345
107.064
73.4641
105.763
153.71
101.767
194.295
44.5729
52.4643
48.7507
150.121
62.787
118.739
142.53
182.119
89.8679
114.879
84.3177
45.8747
137.874
103.031
175.519
106.209
99.9943
133.517
135.982
146.5
95.7803
95.2427
94.5725
109.285
146.482
113.919
91.7877
143.484
30.5224
104.496
77.1879
153.581
99.1372
65.4203
109.838
76.4887
55.4941
96.7558
94.2601
77.1654
73.9132
60.515
112.104
31.671
49.4061
18.3424
113.712
93.8127
147.141
97.7345
55.9737
90.4771
63.2951
106.201
20.1491
183.648
134.077
36.6117
91.1589
53.6698
103.548
22.7687
58.6566
29.6541
131.166
119.39
123.255
86.1532
118.417
54.184
69.7397
69.5416
19.6565
117.357
69.0007
164.282
96.3557
132.577
114.645
159.323
181.215
84.3844
134.946
154.667
97.0816
72.0311
129.068
70.6113
33.9451
131.314
29.797
49.7802
130.311
96.2931
72.278
175.757
114.678
131.671
96.116
106.165
112.751
92.8535
123.302
106.032
195.05
87.8785
119.668
68.2403
95.2427
79.6509
68.4061
161.738
99.8242
156.174
146.346
88.3896
105.626
45.2321
96.4633
106.85
145.525
92.3677
94.0557
88.4661
131.552
107.992
26.9864
119.961
146.438
117.007
71.9279
123.084
122.005
138.534
183.532
155.13
74.836
19.559
42.1197
102.529
111.153
123.302
97.0337
117.66
65.9066
107.93
92.8737
45.7198
13.9746
87.7853
38.8614
106.523
110.002
75.9452
107.235
139.708
117.019
44.599
32.6322
105.902
75.7738
135.996
150.088
12.8062
99.2823
38.8614
94.7387
164.202
117.019
155.871
38.8228
76.5224
116.157
112.069
151.035
66.978
154.898
115.822
98.7941
13.6349
109.114
56.6935
75.4168
47.5601
32.096
128.135
43.3998
151.446
83.9865
85.9657
24.2672
71.5374
135.166
106.157
53.6558
141.303
128.958
56.6365
17.4125
111.912
114.922
137.559
14.6865
62.9512
117.884
129.798
43.8116
125.005
52.9561
106.123
63.5724
193.69
50.9186
57.4343
84.7612
96.4095
167.518
70.0891
71.6993
125.455
158.912
131.15
72.8918
178.795
135.447
93.2745
106.574
66.0308
120.047
119.278
71.0005
52.0685
117.884
70.2313
91.1693
122.08
105.769
75.102
124.537
93.6701
134.077
103.803
39.4231
113.942
110.621
107.931
175.956
51.8497
113.712
124.537
44.9299
115.858
139.506
94.3898
118.739
87.9276
82.105
88.9907
35.5153
113.625
98.0232
98.1493
6
19.2329
64.4576
126.963
134.24
117.111
40.7215
63.7198
131.572
84.9144
96.6292
105.148
60.5781
93.7099
103.716
170.178
72.8991
71.6993
100.995
95.2897
77.6551
81.902
20.1491
186.583
16.9851
129.259
115.501
154.667
112.069
57.1578
42.0984
117.786
194.244
147.585
137.266
123.858
108.193
130.923
124.537
9.71322
91.8301
24.0377
116.157
118.417
91.8944
121.056
125.005
132.784
116.783
110.255
70.5657
34.2937
112.886
152.668
147.494
83.7652
176.179
145.668
17.31
72.5821
88.6741
90.0617
79.1595
136.977
73.3718
47.07
112.519
118.822
86.4883
96.4918
117.693
100.154
114.133
188.984
16.0786
35.3229
123.255
73.0272
17.452
156.264
80.9608
138.689
133.785
157.993
91.1693
122.788
76.1748
83.1409
129.589
110.761
99.5385
