66.6604
85.4588
19.5606
137.438
87.1358
23.0907
62.3723
29.1715
60.415
51.3355
108.159
80.1752
30.749
45.8974
48.9582
37.0475
16.2452
69.1702
34.6986
31.4706
115.885
45.4812
26.5335
103.259
46.1973
43.8536
117.249
68.1699
77.8023
86.2103
19.4007
137.243
16.6169
78.1862
28.9662
38.6029
85.0548
27.7071
67.6538
16.3508
28.5429
68.1699
102.857
85.8974
144.768
105.437
79.7588
111.378
70.4589
80.2175
65.3278
24.1909
145.914
84.148
92
43.0898
10.7513
81.379
16.6937
45.6862
83.6752
104.554
50.8479
111.041
192.469
51.5598
24.7604
34.6557
29.8585
81.4053
9.21818
90.8363
72.6228
26.6099
45.8709
14.5926
81.4053
65.4413
23.1987
58.0514
85.4588
34.0825
90.199
8.00178
6
64.0278
23.4947
81.5853
99.1288
90.199
36.4336
82.5057
96.1876
123.804
153.004
24.6097
8.70304
11.7632
22.8035
74.4478
35.9305
59.9581
39.733
115.284
61.6654
68.0186
23.7027
138.839
81.5626
86.7351
117.249
16.5175
124.104
33.4857
33.839
21.7339
107.18
27.4916
15.5312
143.888
95.5025
140.46
51.063
42.7244
101.602
27.555
11.228
133.945
53.2451
53.0625
138.684
17.0768
82.9452
102.562
54.8198
67.4039
48.007
46.0384
15.7723
47.05
52.3607
151.177
121.605
10.7253
29.1867
117.249
57.1339
111.378
55.8806
33.2412
111.252
15.5287
117.486
42.2408
8.84993
13.9754
148.899
147.071
8.70304
50.374
15.6753
89.1771
80.4091
22.048
58.2494
102.815
137.243
87.1044
39.5618
28.324
23.4147
34.9117
8.75976
81.7169
17.6054
118.787
96.2304
176.717
152.838
80.0352
109.138
96.3512
68.1699
65.7341
62.0148
44.622
9.21818
75.6554
73.4112
7.36018
32.5353
25.2582
153.004
62.6022
72.9424
138.23
45.2018
16.9159
51.063
27.4209
71.9257
129.499
45.2384
85.4588
153.249
31.548
87.6633
15.6599
85.4588
86.2441
130.805
56.7502
123.847
87.0135
91.346
75.2391
146.512
56.647
78.1862
17.0563
127.907
101.421
90.404
52.3978
15.5591
1
17.0364
8.03611
9.24355
49.6306
66.1612
47.5053
91.5318
105.996
66.137
76.3472
113.675
28.5429
63.6842
67.7638
72.6674
46.4347
92.6958
7.2111
22.2492
103.942
43.9262
40.5215
48.1992
10.5295
37.9282
63.6582
16.4828
54.3779
45.9837
57.3812
49.7244
13.2665
73.444
101.421
55.045
115.885
68.3115
149.979
46.1608
59.2187
144.346
30.6415
56.5063
36.5942
87.1358
85.4588
34.2901
26.1237
145.852
45.875
32.9653
33.6847
29.469
96.2044
15.5156
32.7535
106.013
12.3692
62.4697
32.9262
94.3025
67.6704
126.775
36.507
64.1829
46.0824
118.195
18.6156
147.411
54.1211
151.177
19.1833
75.5933
17.557
109.234
28.2623
152.597
172.101
124.523
126.174
137.243
42.8317
48.6334
93.2795
19.3551
104.17
71.3075
111.252
21.6829
85.0866
177.527
23.5424
104.504
86.992
2
18.9405
44.7678
101.708
13.1149
96.2044
17.0575
87.0134
73.9085
34.1936
159.374
117.299
42.4365
53.3857
145.792
69.6405
39.6925
119.425
115.885
151.453
89.4982
84.7108
66.1612
59.3493
58.6682
191.215
27.0617
3.4641
48.2662
74.5788
66.8907
8.089
20.0246
101.421
91.5318
17.5806
25.3571
17.2088
72.4273
19.5147
85.2418
15.1573
171.951
86.334
60.1099
33.6935
9.74449
67.3586
127.939
74.2133
155.974
4.96327
63.6458
65.7341
115.885
35.5139
102.153
85.4008
115.885
42.8091
30.578
12.233
138.404
96.5855
56.7502
68.1699
85.4588
26.6386
92.5465
65.9778
85.7352
16.9503
14.4452
17.2088
93.3017
63.5188
32.3462
33.7129
54.1211
96.2044
177.371
18.8724
16.9262
108.065
121.202
85.0548
31.2549
15.7723
42.8317
26.4251
65.4413
52.121
87.7218
4.16017
37.1645
17.3533
48.8388
16.408
81.4053
88.7077
151.177
98.3343
85.6116
59.1609
87.0134
122.763
34.3395
34.5621
28.324
51.1842
17.0768
100.558
79.9139
73.4112
26.4139
115.009
78.1862
49.7064
111.378
84.4677
87.1358
31.8707
83.7958
151.177
77.8023
26.0418
44.9548
64.2754
64.9825
81.5853
90.199
50.4312
35.0618
74.0392
68.1264
18.1175
118.06
43.6275
28.6848
64.3839
59.0811
41.6398
67.4232
71.6309
9.217
62.5474
104.672
21.1587
41.9304
45.1985
95.2736
10.5484
52.3224
4.47214
3.4641
129.499
46.1
126.174
10
50.7952
6.1008
19.1833
25.7965
81.4053
113.816
105.996
87.1296
13.3271
106.013
39.2675
27.4649
85.0548
33.6072
87.6727
101.708
38.7233
56.3101
16.289
39.23
74.1363
10.4391
69.7248
17.612
91.5457
48.2591
15.0997
33.6556
107.321
21.9944
71.3943
45.5305
117.86
62.678
90.8363
48.4326
50.008
85.4588
113.448
94.1838
85.4588
115.885
49.6093
10.7253
