133.046
146.904
106.46
135.962
29.1215
146.212
15.8027
154.045
154.045
138.047
164.22
243.513
14.212
150.583
138.681
160.41
201.762
232.708
136.136
174.827
154.283
221.533
113.558
47.4561
14.3272
153.39
167.088
39.943
132.282
173.69
175.419
135.497
96.5225
84.0545
151.652
160.475
176.616
154.045
166.007
185.774
113.188
8.7178
150.774
131.959
130.657
112.241
205.352
168.915
248.118
121.318
156.226
147.091
141.479
111.674
17.4437
75.1049
216.92
73.5884
98.1558
67.8121
170.456
85.0214
72.5841
99.704
154.286
29.6
47.8311
31.4742
91.6085
164.239
126.537
31.2686
187.22
118.254
208.619
80.5091
138.558
235.686
96.5105
102.219
14.1609
122.909
195.99
120.409
196.326
71.0598
232.173
123.797
189.51
51.2414
113.466
92.0585
251.237
228.414
208.861
140.913
27.5524
132.512
123.281
153.691
191.685
135.749
112.809
117.946
117.661
147.386
157.454
192.38
183.516
81.6405
103.95
148.888
115.574
165.773
16.3065
65.8476
143.95
201.274
97.5418
54.0069
50.6875
102.081
122.07
124.35
154.045
167.062
83.7449
120.765
21.7941
193.307
233.276
174.05
195.99
187.261
185.734
98.7083
203.929
45.7311
198.748
20.3294
155.665
142.278
210.49
175.451
137.916
172.398
222.302
123.639
94.8657
84.8884
126.605
110.987
167.088
179.568
82.0231
94.0803
208.045
253.63
132.347
138.172
57.4468
147.382
191.685
124.35
89.9478
79.1725
178.901
141.816
168.389
317.298
129.422
111.06
222.762
105.158
253.298
120.6
176.616
182.405
140.783
283.8
171.845
171.942
117.588
154.045
108.722
178.945
161.883
152.899
137.546
187.261
209.836
96.193
227.678
94.4231
182.69
172.388
140.24
185.641
113.497
122.877
98.2752
188.667
105.965
105.927
80.2375
161.436
159.419
110.108
130.009
177.04
48.1249
137.909
140.427
84.1838
134.261
98.605
121.653
137.916
152.899
125.468
24.3849
190.704
137.928
62.3149
70.5214
194.768
68.2524
225.685
192.818
128.19
119.571
167.047
189.661
189.397
141.121
92.5687
187.067
123.281
189.656
135.215
235.922
234.278
93.4934
196.506
88.6311
154.045
71.2949
95.3813
255.134
152.207
195.99
152.029
130.907
144.106
119.803
29.7767
199.596
202.261
134.462
99.5864
208.711
235.309
130.568
261.194
153.9
117.983
10.412
125.523
124.301
144.899
165.032
234.537
57.918
221.279
138.558
280.332
104.417
211.044
81.1994
137.688
123.344
168.762
85.3048
193.115
72.7131
166.546
218.242
174.16
110.192
118.303
135.215
134.978
224.51
47.0694
233.002
195.99
54.2456
214.085
117.842
229.564
177.099
75.0056
137.964
219.744
89.5729
192.129
168.915
152.534
96.2697
79.9632
74.7157
123.994
100.612
113.78
168.649
160.711
137.899
125.296
82.0059
163.925
99.3772
189.703
148.193
152.56
132.449
104.049
125.06
146.648
102.221
68.4437
123.643
112.977
180.009
113.876
196.753
159.419
19.2891
104.648
195.99
21.7606
113.824
147.752
156.873
17.9288
40.1603
151.816
222.488
122.887
176.616
208.496
149.173
154.398
142.421
151.97
148.888
257.793
125.516
182.114
107.407
154.045
44.087
78.9596
154.398
137.916
138.642
152.899
88.7682
142.421
239.218
154.045
153.94
3
117.015
154.045
56.1996
95.2116
154.045
66.4266
74.4052
154.045
189.148
226.756
183.121
190.524
91.3378
134.873
78.524
205.037
154.045
51.8611
188.29
81.4648
230.194
99.3649
98.7697
153.103
62.3149
159.237
156.082
161.63
135.829
236.891
128.539
246.624
71.1348
128.975
21.4287
185.3
151.929
176.375
246.562
139.249
247
16.9887
126.279
113.804
179.353
38.0059
195.99
150.283
53.94
214.925
21.7383
176.375
64.9129
200.853
105.831
83.0202
115.129
69.4885
180.689
195.99
135.214
137.399
173.792
157.648
55.8769
123.128
176.616
133.046
152.534
145.949
27.3056
153.566
76.007
174.05
126.37
106.679
154.181
188.522
169.151
160.711
151.816
174.567
127.723
89.0046
104.718
101.448
147.312
179.481
48.7549
137.231
170.745
77.896
144.31
154.398
42.4118
61.1168
13.5647
184.642
281.843
100.558
116.873
222.215
75.9591
139.851
223.398
138.558
199.847
53.3411
154.045
230.194
234.821
126.965
175.203
195.99
79.2808
175.568
20.875
29.7913
76.1399
154.045
191.847
154.778
192.034
145.063
136.442
33.4985
135.215
148.565
241.71
182.15
195.99
82.0059
129.422
122.294
72.1486
115.132
159.161
19.14
170.196
201.617
56.2702
195.514
143.533
137.964
176.616
89.7246
135.606
112.414
86.3803
82.739
159.749
249.006
129.057
190.982
173.155
175.997
179.529
20.0369
18.609
73.4932
46.3143
73.7151
206.556
138.12
108.041
119.252
185.988
17.4468
153.581
27.3367
153.103
126.06
84.1512
91.7
75.2255
254.783
136.792
85.573
151.816
121.361
50.6038
139.077
38.6629
157.454
176.616
217.06
148.875
187.088
225.169
84.064
30.7368
139.125
74.6381
12.1655
189.815
154.671
172.184
103.47
250.444
89.5494
137.916
183.759
63.4058
147.559
60.5166
191.791
165.079
209.883
176.616
165.033
202.692
87.5716
154.045
63.9681
124.337
22.1808
122.94
265.941
44.7257
217.29
137.916
100.132
153.003
137.916
151.929
189.989
218.69
176.616
86.6634
187.38
218.892
184.545
179.521
95.6598
119.109
121.544
100.65
206.686
271.227
203.636
33.9219
151.929
88.6196
134.114
82.4248
188.489
20.4392
58.0585
85.8966
70.3755
210.13
118.806
75.3407
242.485
20.672
84.7509
168.762
112.425
140.913
210.393
185.761
176.616
175.789
80.6652
248.317
137.899
99.7354
152.181
96.1712
82.501
155.164
150.472
131.495
158.667
103.969
67.3982
88.4088
152.621
171.833
193.307
151.929
238.139
175.167
91.1764
90.8113
47.6079
163.756
145.404
192.627
94.7897
43.3284
151.929
85.4015
154.045
135.043
148.359
92.7387
111.714
161.852
180.038
150.811
54.0888
122.07
137.899
104.036
231.448
148.874
224.234
114.347
188.931
134.075
