11.3322
7.3563
16.1937
40.9381
81.849
46.0242
4.47214
50.7433
46.3494
7.99538
22.9988
32.0598
33.774
42.0048
46.5084
8.66533
38.4697
104.189
31.2317
50.6815
40.0123
62.91
49.1777
9.93149
85.0404
13.2193
16.8797
113.774
4.26655
27.1067
21.1195
90.2694
43.1458
10.3643
81.849
56.3502
8.17799
52.3803
70.3465
53.538
52.571
74.2169
42.6079
19.2219
85.7721
52.5136
46.0609
72.89
17.1095
22.9263
42.8486
51.5723
51
42.9224
57.6041
36.1117
62.5438
59.2134
85.1401
29.6823
11.0529
22.9344
71.6743
58.6696
63.0439
29.8198
81.2439
85.0404
69.8757
79.8653
8.18792
37.107
24.6936
45.1877
91.3428
27.3707
22.2748
88.4129
31.8654
20.8926
21.3208
50.8019
88.516
56.3502
29.4424
36.2011
41.8613
57.0158
32.0073
41.9232
35.9149
56.3059
94.0011
46.4202
7.35004
9.3863
44.1504
29.0912
48.1552
19.1398
84.635
12.6801
37.0334
1
9.27201
35.1192
8.5969
94.0011
10.3626
39.2589
82.3599
67.6704
108.817
75.929
38.4525
5.65685
56.3502
85.0404
55.4735
76.2758
63.7032
44.0362
59.3216
43.9383
40.4482
42.0185
53.5485
46.6146
87.1959
6.32456
6
42.2526
3.4641
69.1091
33.7769
19.4871
35.9215
98.1486
59.9226
3.4641
27.4793
6.59701
64.5366
12.7415
50.3828
14.4269
62.91
40.9284
46.2354
51.5723
8.94427
64.5491
28.4905
38.9639
49.8709
43.9472
10.3554
46.5228
17.6375
16.361
62.604
16.4702
116.903
29.8198
79.8653
18.4584
59.36
24.4122
39.383
48.2166
3.4641
30.9165
63.0099
13.9953
26.2077
34.7105
75.2511
44.3338
26.5978
15.8028
8.56165
30.0477
14.4167
19.3893
51.9998
10.3756
21.6961
44.619
35.4434
30.854
24.1109
60.433
10.0937
16.3029
11.0013
27.5588
95.5377
6.81952
53.3209
78.2712
7.3563
37.2588
9.11383
47.876
89.932
50.6177
50.4505
90.0232
22.4499
72.89
13.6104
85.7721
36.5564
46.6619
64.3093
38.6631
58.7841
86.6295
41.2188
31.9591
90.0232
56.7613
44.3325
49.4468
53.0932
67.8165
5.2915
81.8618
68.2323
30.4304
21.9444
16.5033
10.3923
43.7441
31.8039
21.2012
45.0441
41.5445
14.3084
14.7926
27.7351
35.3481
79.1239
5.40015
59.9578
10.3756
34.8696
46.6146
33.3861
37.0473
63.0439
28.8094
41.7531
5.47113
29.2011
34.8801
4.47214
17.1095
5.86015
39.6601
40.2363
22.2691
34.8635
6.81952
36.2215
24.3123
