118.772
28.5799
69.0658
14.425
123.421
123.095
56.1212
203.798
77.7022
110.762
80.4061
109.204
127.692
101.836
203.102
123.421
164.198
113.076
126.62
121.945
165.251
142.099
127.552
145.594
82.4892
121.796
109.797
70.2343
152.545
85.4024
149.891
82.4892
153.815
87.2871
134.722
113.646
65.0926
105.659
59.4333
118.233
86.2297
109.983
143.442
228.645
142.65
96.7929
58.1866
124.749
57.2003
172.828
85.1251
18.993
27.9795
17.6453
162.075
115.881
24.5748
96.9176
90.191
140.648
83.2258
112.797
76.677
158.797
76.627
12.3974
124.344
16.1356
143.386
95.0276
124.226
174.666
166.288
41.5343
56.8951
102.16
140.699
173.422
153.431
143.734
171.296
180.921
81.9402
48.3142
145.077
121.978
183.685
89.0992
122.387
92.0748
120.019
39.2696
18.0307
79.0245
171.115
39.2989
97.7736
74.7948
71.6045
119.737
104.518
20.7323
112.044
180.762
143.386
100.922
112.65
106.595
29.9364
126.76
104.842
143.013
160.624
122.764
97.96
67.8725
159.636
136.183
191.495
162.603
95.6772
71.166
65.5637
119.737
103.936
125.743
221.725
108.615
27.1614
117.348
103.745
147.791
190.836
134.764
123.187
227.866
177.885
65.8018
115.881
100.175
123.421
124.268
144.768
164.001
150.178
126.118
136.753
144.077
129.495
142.153
115.516
136.555
164.699
138.06
15.9987
124.749
60.3209
43.9264
88.5541
97.9524
124.749
158.895
53.4842
124.012
208.487
121.055
86.6067
190.662
54.5502
87.4679
176.259
60.0437
87.4284
42.5455
152.414
17.6635
136.348
144.009
106.183
111.327
143.113
92.9545
143.836
142.359
174.183
19.4747
123.421
101.836
205.234
121.978
151.733
136.727
95.6093
164.502
96.9976
82.3999
35.9743
120.19
176.87
108.251
136.801
36.7234
126.118
104.549
214.801
123.421
97.8012
169.256
112.797
224.967
48.7755
145.477
140.648
66.6392
19.4747
94.9541
50.9421
115.881
159.635
57.4739
100.533
24.6759
153.431
104.443
82.0025
111.258
131.258
126.004
91.697
181.524
143.386
87.9316
169.11
74.9775
173.512
130.757
54.7169
129.379
138.792
134.764
51.5267
79.9113
55.6667
46.6734
141.385
141.324
69.7267
101.578
129.379
119.695
116.667
91.0615
155.696
37.6804
59.8512
22.0852
131.399
124.749
17.7831
119.412
143.386
82.732
147.169
151.65
147.791
125.98
128.569
139.401
130.864
62.5254
122.512
191.872
147.818
99.8995
29.1952
111.011
115.881
225.718
61.7719
123.421
91.0676
130.505
41.4274
123.421
54.7615
24.5354
47.6953
123.421
201.874
136.124
152.231
111.078
102.596
104.158
172.875
123.421
11.5201
137.309
173.49
107.065
118.772
166.847
118.114
47.1172
136.801
145.211
167.881
125.98
153.558
91.0538
107.237
117.108
143.372
187.377
12.3328
153.498
92.4156
157.901
114.061
153.637
118.591
94.9054
84.134
206.18
95.4426
65.5637
106.336
125.289
15.961
147.791
111.47
30.5252
112.913
121.866
61.8377
138.239
134.133
20.6493
196.728
104.347
131.644
52.8158
14.2829
124.869
114.99
76.7126
90.4484
118.976
128.569
174.307
213.081
134.341
75.762
208.38
84.7913
118.846
12.3084
43.4493
173.49
171.939
143.386
72.5234
166.96
33.1186
115.387
23.0815
143.706
127.601
71.3764
75.7986
146.486
15.8479
84.9449
119.235
136.515
170.494
74.448
167.764
87.2511
117.016
17.9534
145.26
16.4674
168.317
116.104
58.7138
102.613
101.395
107.888
124.803
207.842
109.977
133.621
78.0539
117.929
123.421
45.956
129.13
47.6773
169.923
192.816
121.476
59.0255
118.751
89.7341
152.946
123.304
113.646
14.692
97.9949
56.1212
137.519
147.791
168.379
125.592
112.897
108.426
56.1212
132.281
135.847
176.568
14.6865
166.874
133.766
14.8519
86.1665
70.401
46.9235
84.2626
130.588
59.5845
68.4244
118.773
129.495
123.421
18.3229
142.68
77.6323
133.098
176.213
45.7024
144.405
125.98
111.064
157.345
133.762
130.757
225.577
164.734
115.464
150.275
87.2501
126.94
172.718
21.7437
228.329
218.703
85.5076
13.5119
136.954
102.246
61.3388
59.3376
46.1114
19.2207
105.154
196.48
122.232
148.926
77.8655
115.168
131.644
153.128
147.791
53.2082
18.2633
179.62
69.0195
26.9444
125.083
115.474
124.267
109.671
144.395
84.8435
97.1298
174.759
94.4441
125.98
179.049
133.733
95.1645
164.291
105.792
124.803
70.8533
82.8764
76.677
129.386
123.421
88.4931
100.639
37.0324
123.421
118.23
40.9314
102.833
187.058
175.62
119.343
116.369
46.828
102.541
91.7265
