139.62
63.0155
69.8573
75.4676
159.629
132.845
83.7345
72.2439
132.829
77.5685
93.8253
206.102
187.035
58.6168
40.2159
196.048
107.913
47.3072
113.976
116.672
66.2521
119.238
200.464
130.392
203.786
86.4537
240.686
208.13
16.9589
93.5467
146.888
18.2108
147.236
77.2542
117.04
82.9559
92.5086
36.124
192.846
26.8826
192.861
155.694
82.9382
187.44
66.1677
89.025
155.144
174.169
78.0941
146.267
101.149
90.9676
104.263
122.573
206.825
41.752
208.19
89.2871
206.277
122.628
159.629
34.0315
215.419
62.1442
17.0306
228.051
99.4187
23.4364
164.156
165.889
218.226
83.0146
58.1277
166.01
53.5684
42.4628
99.2203
104.342
76.5791
139.796
35.3805
72.1442
71.6353
103.289
128.826
92.0524
144.331
71.9346
143.916
45.2119
130.376
162.428
151.476
186.078
89.6017
89.7293
126.415
167.69
58.4677
215.035
152.508
122.196
38.2191
161.169
97.4608
72.4125
158.93
100.215
93.9645
180.874
35.4357
213.802
77.9352
161.922
120.797
220.426
150.728
119.87
74.3583
122.565
103.474
93.3361
63.0276
168.726
171.087
195.137
141.585
177.895
143.189
117.317
142.338
134.266
58.7274
23.8765
58.6356
180.786
77.9653
147.358
113.282
158.367
116.954
108.946
138.08
132.96
69.7433
92.24
143.481
203.96
136.779
103.851
109.935
172.036
159.629
90.0876
101.431
140.65
163.408
144.167
30.7831
200.864
21.9276
167.705
257.038
139.796
102.822
146.293
196.216
79.9903
111.316
167.035
113.273
92.8299
179.547
75.3205
97.0323
93.6839
111.846
164.507
122.442
58.6395
154.092
85.8562
119.477
101.197
140.276
181.97
204.42
104.714
33.1628
185.804
159.629
168.421
179.428
52.919
151.158
123.026
170.507
15.2386
116.084
40.5968
110.112
144.096
235.344
115.782
131.446
61.0904
151.476
93.9964
100.136
141.699
68.9406
201.735
74.3282
215.666
75.9109
228.917
93.4896
176.72
109.834
196.595
130.301
69.584
114.47
104.556
197.344
89.6173
122.06
206.663
184.444
80.744
131.843
142.682
14.9441
201.028
245.089
129.42
147.816
137.716
124.524
104.462
25.2184
58.294
114.357
110.944
97.1305
176.271
32.8088
25.3517
119.167
128.361
70.7954
171.087
165.889
203.097
210.617
208.756
253.544
43.9451
149.479
161.985
138.836
162.214
75.9378
192.754
12.6918
123.091
154.446
182.436
46.0622
134.676
168.631
207.18
124.338
120.961
109.682
175.426
96.3858
43.7973
136.547
236.504
175.426
152.359
109.552
59.5206
139.796
140.442
202.113
113.152
181.574
190.439
134.676
167.204
94.1272
129.79
28.6452
91.2999
37.2737
100.651
131.742
161.063
220.403
155.047
149.255
191.008
139.796
15.1454
14.9564
94.8939
105.58
61.4463
123.87
111.289
41.209
174.183
79.595
82.9676
90.2968
131.797
106.768
166.926
92.5572
137.958
140.252
35.752
150.074
229.583
92.674
155.791
105.848
30.767
113.326
164.046
141.699
96.3749
130.743
50.2889
214.219
20.707
32.7703
229.227
262.775
163.545
28.0383
127.892
217.277
152.322
135.659
82.8555
117.867
58.6327
236.173
87.7597
125.37
178.748
79.4357
82.4287
124.013
88.1586
122.582
85.6962
61.9765
109.097
137.058
122.042
159.629
153.17
12.5509
165.389
144.53
234.034
202.702
81.3881
91.0991
156.496
150.262
158.261
122.223
159.629
193.315
232.768
85.2269
171.677
138.059
142.611
81.3968
96.5683
92.2727
162.424
172.698
174.998
25.1995
21.9263
162.499
209.925
71.4465
142.891
228.867
177.413
159.629
41.632
32.3012
220.952
149.78
129.015
170.72
84.9159
88.1793
150.698
184.413
58.5168
134.555
131.25
92.6515
127.084
21.8896
187.394
134.054
179.056
158.57
17.2112
108.964
100.036
150.881
134.533
210.589
150.006
84.3857
205.997
100.141
127.901
159.777
156.526
48.0772
170.324
113.199
17.7001
112.252
163.391
189.767
127.913
75.3459
15.9147
71.3129
84.9329
39.538
119.044
105.379
122.638
20.2723
23.454
239.018
107.33
94.6756
129.248
119.031
200.058
96.8031
45.3872
79.7343
53.2126
122.536
79.8298
64.6411
107.037
84.384
186.078
101.043
66.9421
41.9802
153.238
60.491
252.755
118.855
148.373
83.2824
137.716
71.7873
125.458
86.8501
252.913
61.6958
74.2278
87.3199
82.8999
104.097
19.7496
130.113
46.8736
131.396
173.059
78.1846
114.883
39.9725
79.3422
52.1951
208.719
179.501
90.4325
142.514
110.944
111.783
219.352
128.046
85.3957
197.332
136.923
96.4796
121.881
63.3101
61.0762
124.149
37.8434
87.1709
150.062
77.4048
157.243
77.4595
26.3499
171.994
172.678
106.091
129.178
149.569
197.322
128.286
144.709
126.336
109.212
153.569
